Stim,SpineShoulderX,SpineShoulderY,SpineShoulderZ,HeadX,HeadY,HeadZ,SpineMidX,SpineMidY,SpineMidZ,ShoulderLeftX,ShoulderLeftY,ShoulderLeftZ,ShoulderRightX,ShoulderRightY,ShoulderRightZ,ElbowLeftX,ElbowLeftY,ElbowLeftZ,ElbowRightX,ElbowRightY,ElbowRightZ,WristLeftX,WristLeftY,WristLeftZ,WristRightX,WristRightY,WristRightZ,HipLeftX,HipLeftY,HipLeftZ,HipRightX,HipRightY,HipRightZ,
to brush teeth,0.0,0.0,0.0,-4.0888577,-134.96521,12.232757,6.516384,155.3201,0.7569432,-105.827805,28.193653,3.8155913,113.020615,17.207634,-17.217684,-113.02035,224.78798,30.119932,131.96849,208.0835,9.057533,-90.32986,380.8243,88.56127,151.66888,369.65057,46.607876,-32.761253,359.39966,36.96338,65.786896,358.0978,28.093683
to brush teeth,0.0,0.0,0.0,-4.126153,-135.02226,12.272394,6.516384,155.3201,0.7569432,-105.827805,28.193653,3.8155913,113.020615,17.207634,-17.217684,-113.02035,224.78798,30.119932,131.96849,208.0835,9.057533,-90.32986,380.8243,88.56127,151.66888,369.65057,46.607876,-32.761253,359.39966,36.96338,65.742905,358.05368,28.156685
to brush teeth,0.0,0.0,0.0,-4.126153,-135.02226,12.272394,6.516384,155.3201,0.7569432,-105.827805,28.193653,3.8155913,113.020615,17.207634,-17.217684,-113.02035,224.78798,30.119932,131.96849,208.0835,9.057533,-90.32986,380.8243,88.56127,151.66888,369.65057,46.607876,-32.761253,359.39966,36.96338,65.742905,358.05368,28.156685
to brush teeth,0.0,0.0,0.0,-4.126153,-135.02226,12.272394,6.516384,155.3201,0.7569432,-105.827805,28.193653,3.8155913,113.020615,17.207634,-17.217684,-113.02035,224.78798,30.119932,131.96849,208.0835,9.057533,-90.32986,380.8243,88.56127,151.66888,369.65057,46.607876,-32.761253,359.39966,36.96338,65.742905,358.05368,28.156685
to brush teeth,0.0,0.0,0.0,-4.126153,-135.02226,12.272394,6.516384,155.3201,0.7569432,-105.827805,28.193653,3.8155913,113.020615,17.207634,-17.217684,-113.02035,224.78798,30.119932,131.96849,208.0835,9.057533,-90.32986,380.8243,88.56127,151.66888,369.65057,46.607876,-32.761253,359.39966,36.96338,65.742905,358.05368,28.156685
to brush teeth,0.0,0.0,0.0,-4.126153,-135.02226,12.272394,6.516384,155.3201,0.7569432,-105.827805,28.193653,3.8155913,113.020615,17.207634,-17.217684,-113.02035,224.78798,30.119932,131.96849,208.0835,9.057533,-90.32986,380.8243,88.56127,151.66888,369.65057,46.607876,-32.761253,359.39966,36.96338,65.742905,358.05368,28.156685
to brush teeth,0.0,0.0,0.0,-4.126153,-135.02226,12.272394,6.516384,155.3201,0.7569432,-105.827805,28.193653,3.8155913,113.020615,17.207634,-17.217684,-113.02035,224.78798,30.119932,131.96849,208.0835,9.057533,-90.32986,380.8243,88.56127,151.66888,369.65057,46.607876,-32.761253,359.39966,36.96338,65.742905,358.05368,28.156685
to brush teeth,0.0,0.0,0.0,-4.126153,-135.02226,12.272394,6.5173492,155.31586,0.7581949,-105.82766,28.184296,3.7948966,113.032776,17.167252,-17.24522,-116.47584,217.22192,27.494371,132.20802,208.47252,9.023237,-92.30049,373.2881,85.340485,151.6869,370.03644,46.72645,-32.757362,359.39963,36.959793,65.748146,358.0331,28.180552
to brush teeth,0.0,0.0,0.0,-4.106037,-135.02426,12.26672,6.5173492,155.31586,0.7581949,-105.82766,28.184296,3.7948966,113.032776,17.167252,-17.24522,-116.47584,217.22192,27.494371,132.20802,208.47252,9.023237,-92.30049,373.2881,85.340485,151.6869,370.03644,46.72645,-32.757362,359.39963,36.959793,65.748146,358.0331,28.180552
to brush teeth,0.0,0.0,0.0,-4.106037,-135.02426,12.26672,6.5173492,155.31586,0.7581949,-105.82766,28.184296,3.7948966,113.032776,17.167252,-17.24522,-116.47584,217.22192,27.494371,132.20802,208.47252,9.023237,-92.30049,373.2881,85.340485,151.6869,370.03644,46.72645,-32.757362,359.39963,36.959793,65.748146,358.0331,28.180552
to brush teeth,0.0,0.0,0.0,-4.106037,-135.02426,12.26672,6.5074453,155.30855,0.7568598,-105.834946,28.170586,3.7914753,113.03909,17.135702,-17.270422,-118.481186,206.27394,25.186407,132.20802,208.47252,9.023237,-92.30049,373.2881,85.340485,151.6869,370.03644,46.72645,-32.757362,359.39963,36.959793,65.748146,358.0331,28.180552
to brush teeth,0.0,0.0,0.0,-4.106037,-135.02426,12.26672,6.5074453,155.30855,0.7568598,-105.834946,28.170586,3.7914753,113.03909,17.135702,-17.270422,-118.481186,206.27394,25.186407,132.78098,207.74675,8.063269,-92.30049,373.2881,85.340485,151.6869,370.03644,46.72645,-32.757362,359.39963,36.959793,65.748146,358.0331,28.180552
to brush teeth,0.0,0.0,0.0,-4.106037,-135.02426,12.26672,6.5074453,155.30855,0.7568598,-105.834946,28.170586,3.7914753,113.03909,17.135702,-17.270422,-118.481186,206.27394,25.186407,132.78098,207.74675,8.063269,-91.01842,361.95792,82.83183,151.6869,370.03644,46.72645,-32.757362,359.39963,36.959793,65.748146,358.0331,28.180552
to brush teeth,0.0,0.0,0.0,-4.517215,-135.03716,12.319124,6.3959136,155.2581,0.8164406,-105.89689,28.032047,3.7083626,113.34101,17.931898,-16.57431,-115.80395,224.20178,26.89389,147.86829,203.27652,-5.0696254,-109.16768,381.60443,75.255226,150.72064,359.99893,56.08598,-33.002605,359.24265,36.97381,65.58754,358.02734,28.431725
to brush teeth,0.0,0.0,0.0,-4.903452,-135.21838,12.423599,6.3959136,155.2581,0.8164406,-105.89689,28.032047,3.7083626,113.34101,17.931898,-16.57431,-115.80395,224.20178,26.89389,153.63121,189.94185,-5.4071665,-111.6906,384.78076,74.26597,150.76299,332.72632,86.38323,-33.478138,358.88947,37.04499,65.20395,357.98022,28.76551
to brush teeth,0.0,0.0,0.0,-4.903452,-135.21838,12.423599,6.3959136,155.2581,0.8164406,-105.89689,28.032047,3.7083626,113.34101,17.931898,-16.57431,-115.80395,224.20178,26.89389,153.63121,189.94185,-5.4071665,-111.6906,384.78076,74.26597,150.76299,332.72632,86.38323,-33.478138,358.88947,37.04499,65.20395,357.98022,28.76551
to brush teeth,0.0,0.0,0.0,-4.903452,-135.21838,12.423599,6.046914,155.1691,0.9182453,-105.876335,27.940767,3.6988497,113.447266,18.002926,-16.643572,-113.33441,226.58195,27.956831,159.19592,181.03497,-5.161667,-112.19105,387.344,74.62078,151.86494,321.66608,90.02359,-33.478138,358.88947,37.04499,65.20395,357.98022,28.76551
to brush teeth,0.0,0.0,0.0,-4.903452,-135.21838,12.423599,6.046914,155.1691,0.9182453,-105.876335,27.940767,3.6988497,113.447266,18.002926,-16.643572,-113.33441,226.58195,27.956831,159.19592,181.03497,-5.161667,-112.19105,387.344,74.62078,151.86494,321.66608,90.02359,-33.478138,358.88947,37.04499,65.20395,357.98022,28.76551
to brush teeth,0.0,0.0,0.0,-4.903452,-135.21838,12.423599,6.046914,155.1691,0.9182453,-105.876335,27.940767,3.6988497,113.447266,18.002926,-16.643572,-113.33441,226.58195,27.956831,159.19592,181.03497,-5.161667,-112.19105,387.344,74.62078,151.86494,321.66608,90.02359,-33.478138,358.88947,37.04499,65.20395,357.98022,28.76551
to brush teeth,0.0,0.0,0.0,-4.903452,-135.21838,12.423599,6.046914,155.1691,0.9182453,-105.876335,27.940767,3.6988497,113.447266,18.002926,-16.643572,-113.33441,226.58195,27.956831,159.19592,181.03497,-5.161667,-112.19105,387.344,74.62078,151.86494,321.66608,90.02359,-33.478138,358.88947,37.04499,65.20395,357.98022,28.76551
to brush teeth,0.0,0.0,0.0,-4.903452,-135.21838,12.423599,6.046914,155.1691,0.9182453,-105.876335,27.940767,3.6988497,113.447266,18.002926,-16.643572,-113.33441,226.58195,27.956831,159.19592,181.03497,-5.161667,-112.19105,387.344,74.62078,151.86494,321.66608,90.02359,-35.032166,358.2979,37.11058,63.928913,357.85803,29.337872
to brush teeth,0.0,0.0,0.0,-5.3031554,-135.48895,12.401152,5.8480926,155.14171,0.95846653,-105.917854,27.964754,3.6634684,114.50452,19.849712,-15.890467,-114.58263,232.93655,28.516842,159.19592,181.03497,-5.161667,-112.19105,387.344,74.62078,151.86494,321.66608,90.02359,-35.032166,358.2979,37.11058,63.928913,357.85803,29.337872
to brush teeth,0.0,0.0,0.0,-5.3031554,-135.48895,12.401152,5.8480926,155.14171,0.95846653,-105.917854,27.964754,3.6634684,114.50452,19.849712,-15.890467,-114.58263,232.93655,28.516842,175.73009,175.44829,-3.9548635,-112.19105,387.344,74.62078,151.86494,321.66608,90.02359,-35.032166,358.2979,37.11058,63.928913,357.85803,29.337872
to brush teeth,0.0,0.0,0.0,-5.3031554,-135.48895,12.401152,5.8480926,155.14171,0.95846653,-105.917854,27.964754,3.6634684,114.50452,19.849712,-15.890467,-114.58263,232.93655,28.516842,175.73009,175.44829,-3.9548635,-112.19105,387.344,74.62078,151.86494,321.66608,90.02359,-35.032166,358.2979,37.11058,63.928913,357.85803,29.337872
to brush teeth,0.0,0.0,0.0,-5.3031554,-135.48895,12.401152,5.8480926,155.14171,0.95846653,-105.917854,27.964754,3.6634684,114.50452,19.849712,-15.890467,-114.58263,232.93655,28.516842,175.73009,175.44829,-3.9548635,-112.19105,387.344,74.62078,151.86494,321.66608,90.02359,-35.032166,358.2979,37.11058,63.928913,357.85803,29.337872
to brush teeth,0.0,0.0,0.0,-5.3031554,-135.48895,12.401152,5.8480926,155.14171,0.95846653,-105.917854,27.964754,3.6634684,114.50452,19.849712,-15.890467,-114.58263,232.93655,28.516842,175.73009,175.44829,-3.9548635,-112.19105,387.344,74.62078,151.86494,321.66608,90.02359,-35.032166,358.2979,37.11058,63.928913,357.85803,29.337872
to brush teeth,0.0,0.0,0.0,-5.3031554,-135.48895,12.401152,5.8480926,155.14171,0.95846653,-105.917854,27.964754,3.6634684,114.50452,19.849712,-15.890467,-114.58263,232.93655,28.516842,175.73009,175.44829,-3.9548635,-112.19105,387.344,74.62078,151.86494,321.66608,90.02359,-35.032166,358.2979,37.11058,63.928913,357.85803,29.337872
to brush teeth,0.0,0.0,0.0,-5.3031554,-135.48895,12.401152,5.8480926,155.14171,0.95846653,-105.917854,27.964754,3.6634684,114.50452,19.849712,-15.890467,-114.58263,232.93655,28.516842,175.73009,175.44829,-3.9548635,-112.186646,393.51038,75.76875,151.86494,321.66608,90.02359,-35.032166,358.2979,37.11058,63.928913,357.85803,29.337872
to brush teeth,0.0,0.0,0.0,-5.3031554,-135.48895,12.401152,5.8480926,155.14171,0.95846653,-105.917854,27.964754,3.6634684,114.50452,19.849712,-15.890467,-114.58263,232.93655,28.516842,175.73009,175.44829,-3.9548635,-112.186646,393.51038,75.76875,151.86494,321.66608,90.02359,-35.032166,358.2979,37.11058,63.928913,357.85803,29.337872
to brush teeth,0.0,0.0,0.0,-5.3031554,-135.48895,12.401152,5.8480926,155.14171,0.95846653,-105.917854,27.964754,3.6634684,114.50452,19.849712,-15.890467,-114.58263,232.93655,28.516842,175.73009,175.44829,-3.9548635,-112.186646,393.51038,75.76875,151.86494,321.66608,90.02359,-35.032166,358.2979,37.11058,63.928913,357.85803,29.337872
to brush teeth,0.0,0.0,0.0,-5.3031554,-135.48895,12.401152,5.8480926,155.14171,0.95846653,-105.917854,27.964754,3.6634684,114.50452,19.849712,-15.890467,-114.58263,232.93655,28.516842,175.73009,175.44829,-3.9548635,-112.186646,393.51038,75.76875,151.86494,321.66608,90.02359,-35.032166,358.2979,37.11058,63.928913,357.85803,29.337872
to brush teeth,0.0,0.0,0.0,-5.3031554,-135.48895,12.401152,5.8480926,155.14171,0.95846653,-105.917854,27.964754,3.6634684,114.50452,19.849712,-15.890467,-114.58263,232.93655,28.516842,175.73009,175.44829,-3.9548635,-112.186646,393.51038,75.76875,151.86494,321.66608,90.02359,-35.032166,358.2979,37.11058,63.928913,357.85803,29.337872
to brush teeth,0.0,0.0,0.0,-5.3031554,-135.48895,12.401152,5.8480926,155.14171,0.95846653,-105.917854,27.964754,3.6634684,114.50452,19.849712,-15.890467,-114.58263,232.93655,28.516842,175.73009,175.44829,-3.9548635,-112.186646,393.51038,75.76875,159.83156,300.51562,111.387566,-35.032166,358.2979,37.11058,63.928913,357.85803,29.337872
to brush teeth,0.0,0.0,0.0,-5.3031554,-135.48895,12.401152,5.8480926,155.14171,0.95846653,-105.917854,27.964754,3.6634684,114.50452,19.849712,-15.890467,-114.58263,232.93655,28.516842,175.73009,175.44829,-3.9548635,-112.186646,393.51038,75.76875,159.83156,300.51562,111.387566,-35.032166,358.2979,37.11058,63.928913,357.85803,29.337872
to brush teeth,0.0,0.0,0.0,-5.3031554,-135.48895,12.401152,5.8480926,155.14171,0.95846653,-105.917854,27.964754,3.6634684,114.50452,19.849712,-15.890467,-114.58263,232.93655,28.516842,175.73009,175.44829,-3.9548635,-112.186646,393.51038,75.76875,159.83156,300.51562,111.387566,-35.032166,358.2979,37.11058,63.928913,357.85803,29.337872
to brush teeth,0.0,0.0,0.0,-5.3031554,-135.48895,12.401152,5.8480926,155.14171,0.95846653,-105.917854,27.964754,3.6634684,114.50452,19.849712,-15.890467,-114.58263,232.93655,28.516842,175.73009,175.44829,-3.9548635,-112.186646,393.51038,75.76875,159.83156,300.51562,111.387566,-35.032166,358.2979,37.11058,63.928913,357.85803,29.337872
to brush teeth,0.0,0.0,0.0,-5.3031554,-135.48895,12.401152,5.8480926,155.14171,0.95846653,-105.917854,27.964754,3.6634684,114.50452,19.849712,-15.890467,-114.58263,232.93655,28.516842,175.73009,175.44829,-3.9548635,-112.186646,393.51038,75.76875,159.83156,300.51562,111.387566,-35.032166,358.2979,37.11058,63.928913,357.85803,29.337872
to brush teeth,0.0,0.0,0.0,-5.3031554,-135.48895,12.401152,5.8480926,155.14171,0.95846653,-105.917854,27.964754,3.6634684,114.50452,19.849712,-15.890467,-114.58263,232.93655,28.516842,175.73009,175.44829,-3.9548635,-112.186646,393.51038,75.76875,159.83156,300.51562,111.387566,-35.032166,358.2979,37.11058,63.928913,357.85803,29.337872
to brush teeth,0.0,0.0,0.0,-5.3031554,-135.48895,12.401152,5.8480926,155.14171,0.95846653,-105.917854,27.964754,3.6634684,114.50452,19.849712,-15.890467,-114.58263,232.93655,28.516842,175.73009,175.44829,-3.9548635,-112.186646,393.51038,75.76875,159.83156,300.51562,111.387566,-35.937054,358.17517,37.01445,63.928913,357.85803,29.337872
to brush teeth,0.0,0.0,0.0,-5.3031554,-135.48895,12.401152,5.8480926,155.14171,0.95846653,-105.917854,27.964754,3.6634684,114.50452,19.849712,-15.890467,-114.58263,232.93655,28.516842,175.73009,175.44829,-3.9548635,-112.186646,393.51038,75.76875,159.83156,300.51562,111.387566,-35.937054,358.17517,37.01445,63.928913,357.85803,29.337872
to brush teeth,0.0,0.0,0.0,-5.3031554,-135.48895,12.401152,5.8480926,155.14171,0.95846653,-105.917854,27.964754,3.6634684,114.50452,19.849712,-15.890467,-114.58263,232.93655,28.516842,175.73009,175.44829,-3.9548635,-112.186646,393.51038,75.76875,159.83156,300.51562,111.387566,-35.937054,358.17517,37.01445,63.928913,357.85803,29.337872
to brush teeth,0.0,0.0,0.0,-5.9829683,-135.72386,12.342489,5.8480926,155.14171,0.95846653,-105.917854,27.964754,3.6634684,114.50452,19.849712,-15.890467,-114.58263,232.93655,28.516842,175.73009,175.44829,-3.9548635,-112.186646,393.51038,75.76875,159.83156,300.51562,111.387566,-35.937054,358.17517,37.01445,63.345367,358.00006,29.599894
to brush teeth,0.0,0.0,0.0,-5.9829683,-135.72386,12.342489,5.8480926,155.14171,0.95846653,-105.917854,27.964754,3.6634684,114.50452,19.849712,-15.890467,-114.58263,232.93655,28.516842,175.73009,175.44829,-3.9548635,-112.186646,393.51038,75.76875,159.83156,300.51562,111.387566,-35.937054,358.17517,37.01445,63.345367,358.00006,29.599894
to brush teeth,0.0,0.0,0.0,-5.9829683,-135.72386,12.342489,5.051173,154.98541,0.9104848,-105.86388,28.00605,3.6580443,115.06888,20.967655,-13.905775,-114.58263,232.93655,28.516842,175.73009,175.44829,-3.9548635,-112.186646,393.51038,75.76875,159.83156,300.51562,111.387566,-35.937054,358.17517,37.01445,63.345367,358.00006,29.599894
to brush teeth,0.0,0.0,0.0,-7.7127986,-136.04254,11.956799,4.2638974,154.74876,0.7186413,-105.76875,28.051893,3.7222147,115.05326,21.022089,-11.558342,-119.54642,232.867,23.055183,210.79556,145.6976,57.219517,-105.07811,391.7517,74.74596,198.69292,237.52814,202.26205,-40.67183,357.17172,35.165108,59.60359,357.41122,29.833961
to brush teeth,0.0,0.0,0.0,-7.7127986,-136.04254,11.956799,4.006913,154.76978,0.49550533,-105.78786,28.045452,3.692174,114.54996,21.006609,-3.6629677,-119.81298,233.36444,22.099972,204.97966,125.70131,101.43615,-89.91477,387.0913,83.77103,198.69292,237.52814,202.26205,-40.67183,357.17172,35.165108,59.60359,357.41122,29.833961
to brush teeth,0.0,0.0,0.0,-9.099471,-136.10727,11.958885,3.927472,154.7324,0.27996302,-105.78861,27.997793,3.6472797,114.56723,20.606232,-3.9910793,-119.981384,233.63835,20.874643,200.51456,122.05828,108.43531,-79.18857,382.03287,90.1339,182.7051,179.19395,270.44827,-41.375294,357.22363,32.264923,59.33139,357.50217,29.61942
to brush teeth,0.0,0.0,0.0,-9.857045,-136.00742,12.101662,3.8459554,154.80803,-0.035464764,-105.91718,28.04774,3.715372,114.3225,20.359945,-3.965211,-121.07513,233.95305,18.65772,193.89604,111.37763,122.30504,-69.33735,373.88327,98.83855,152.73172,146.6076,286.47586,-41.12829,357.42252,31.049025,59.34201,357.6043,29.610825
to brush teeth,0.0,0.0,0.0,-10.163898,-136.10071,12.1736765,3.790959,154.84491,-0.18666983,-106.0858,28.032883,3.5996318,113.39217,19.844799,-0.95295906,-120.93513,234.01958,17.529356,181.98251,85.9547,146.77072,-108.91498,394.87598,62.004673,119.47791,152.233,293.29843,-41.048943,357.5274,30.32546,59.32183,357.7044,29.468048
to brush teeth,0.0,0.0,0.0,-10.163898,-136.10071,12.1736765,3.790959,154.84491,-0.18666983,-106.15977,27.887169,3.4709573,112.758194,19.642973,0.34663677,-120.93513,234.01958,17.529356,181.98251,85.9547,146.77072,-108.91498,394.87598,62.004673,119.47791,152.233,293.29843,-41.048943,357.5274,30.32546,59.32183,357.7044,29.468048
to brush teeth,0.0,0.0,0.0,-11.110308,-136.09044,12.423515,3.8497574,154.87396,-0.2673626,-106.24968,27.899733,3.4027815,112.16804,19.845888,1.5018702,-124.959236,203.80666,8.005357,182.06802,88.30245,147.45131,-97.0069,359.24924,66.15722,87.187416,131.94243,284.7108,-40.57232,357.952,28.94559,59.579712,357.7672,29.371082
to brush teeth,0.0,0.0,0.0,-13.210953,-136.1172,12.294173,4.055912,154.73958,-0.40404797,-106.65207,27.97532,2.964437,111.37749,18.555769,3.1959176,-122.18011,230.33707,12.365103,209.48051,48.99389,145.66138,-92.0375,381.60822,80.553665,90.296104,150.80058,212.39613,-39.447582,357.68744,28.62165,60.416477,357.06387,29.505264
to brush teeth,0.0,0.0,0.0,-13.8746395,-136.14703,12.093819,4.055912,154.73958,-0.40404797,-106.65207,27.97532,2.964437,111.37749,18.555769,3.1959176,-122.18011,230.33707,12.365103,209.48051,48.99389,145.66138,-92.0375,381.60822,80.553665,90.296104,150.80058,212.39613,-39.447582,357.68744,28.62165,60.416477,357.06387,29.505264
to brush teeth,0.0,0.0,0.0,-13.8746395,-136.14703,12.093819,4.015279,154.75575,-0.38135052,-106.66824,27.998367,2.7410507,111.37749,18.555769,3.1959176,-122.18011,230.33707,12.365103,209.48051,48.99389,145.66138,-92.0375,381.60822,80.553665,90.296104,150.80058,212.39613,-39.447582,357.68744,28.62165,60.416477,357.06387,29.505264
to brush teeth,0.0,0.0,0.0,-14.602063,-136.06288,12.051678,4.001098,154.79286,-0.35982132,-106.698494,28.040638,2.5406122,111.57188,17.474005,3.8803458,-122.68807,230.36884,12.121021,211.22627,51.152256,144.05704,-91.04925,380.9099,82.14307,101.88632,160.5831,215.66339,-39.549137,357.76837,28.652023,60.13095,357.04123,29.918158
to brush teeth,0.0,0.0,0.0,-14.834483,-135.97896,11.982083,3.939285,154.8553,-0.28079748,-106.81042,27.99588,2.3122191,111.65224,17.167803,4.7905803,-123.188194,222.67096,12.707985,206.16301,57.282066,147.27055,-89.30009,372.09882,83.65303,161.7473,128.284,246.2564,-39.543583,357.9446,28.77077,59.8829,357.22174,30.884552
to brush teeth,0.0,0.0,0.0,-14.787065,-135.98967,12.033987,3.939285,154.8553,-0.28079748,-106.81042,27.99588,2.3122191,111.65224,17.167803,4.7905803,-123.188194,222.67096,12.707985,206.16301,57.282066,147.27055,-89.30009,372.09882,83.65303,161.7473,128.284,246.2564,-39.543583,357.9446,28.77077,59.971676,357.45544,31.325567
to brush teeth,0.0,0.0,0.0,-14.753388,-135.9904,12.075626,4.0278378,154.88669,-0.18767118,-106.82343,28.23365,1.9545674,111.26536,17.557108,5.434954,-122.65278,224.32857,12.8849745,179.2723,67.63114,159.61497,-88.92124,373.4743,84.54933,125.736534,113.18951,262.99677,-39.468605,358.00757,28.869152,60.19544,357.5861,31.590092
to brush teeth,0.0,0.0,0.0,-14.753388,-135.9904,12.075626,4.0278378,154.88669,-0.18767118,-106.82343,28.23365,1.9545674,111.26536,17.557108,5.434954,-122.630035,224.827,13.219511,179.2723,67.63114,159.61497,-88.92124,373.4743,84.54933,125.736534,113.18951,262.99677,-39.468605,358.00757,28.869152,60.19544,357.5861,31.590092
to brush teeth,0.0,0.0,0.0,-14.753388,-135.9904,12.075626,4.0278378,154.88669,-0.18767118,-106.82343,28.23365,1.9545674,111.26536,17.557108,5.434954,-122.630035,224.827,13.219511,178.54729,68.10465,160.09279,-88.85296,373.99127,84.81052,115.66415,113.291565,259.87128,-39.28254,358.05267,29.009092,60.573936,357.6051,31.815899
to brush teeth,0.0,0.0,0.0,-14.306903,-136.34404,12.317705,4.136047,154.81023,-0.1385212,-106.99524,28.854261,1.7507076,110.88772,17.830076,5.6156993,-123.31411,209.67368,13.441145,194.97772,67.24706,151.82024,-89.54619,363.3228,79.88275,91.84849,123.0761,209.18544,-38.92384,357.82556,29.274618,60.920223,357.30832,31.85295
to brush teeth,0.0,0.0,0.0,-14.595769,-136.34935,12.064611,3.9590569,154.74428,0.12366772,-107.18453,28.746647,1.7748237,110.81946,17.794436,5.986452,-118.38845,229.01616,21.638512,198.56772,67.68063,149.74492,-99.8056,385.47507,77.51804,90.84222,169.13667,229.9163,-39.28291,357.78177,30.075623,60.572727,357.24796,32.21936
to brush teeth,0.0,0.0,0.0,-14.26084,-136.54443,11.39946,4.020557,154.77449,0.27962923,-107.1571,28.436117,2.181375,110.86915,17.974377,6.126058,-125.707535,216.12228,17.242634,186.91728,68.69406,156.41963,-79.53944,359.61734,94.26367,132.37566,122.01714,249.22124,-39.479187,357.58383,30.647564,60.37162,356.92175,32.664383
to brush teeth,0.0,0.0,0.0,-13.829427,-137.31416,10.581934,4.3698897,154.5017,0.4417658,-107.20337,28.20375,2.9794574,110.45754,18.193037,5.995381,-124.13234,212.548,21.59779,185.6907,75.37321,154.26755,-105.5374,370.5336,77.367004,87.44361,105.34329,212.62068,-38.143402,356.87524,31.926966,61.42273,356.31015,32.53195
to brush teeth,0.0,0.0,0.0,-13.999032,-137.41634,10.191071,4.3698897,154.5017,0.4417658,-107.20337,28.20375,2.9794574,110.45754,18.193037,5.995381,-124.13234,212.548,21.59779,185.6907,75.37321,154.26755,-91.71226,364.41815,87.4123,94.09903,114.75051,195.40225,-37.707752,356.74716,32.393013,61.627975,356.14337,32.430984
to brush teeth,0.0,0.0,0.0,-14.374526,-137.96526,9.080815,4.5089326,154.48958,0.48240423,-107.45675,28.302624,2.9868007,110.111824,18.144186,5.685377,-124.328735,212.73712,22.340382,191.13922,70.67292,152.56157,-74.33116,354.57672,100.24045,107.52113,122.465355,195.65326,-37.349464,356.9655,32.78012,62.031086,356.10663,32.19992
to brush teeth,0.0,0.0,0.0,-14.544465,-138.35596,7.6770782,4.4217987,154.4868,0.5726099,-107.595345,28.181835,3.252411,109.939514,18.211214,5.131042,-122.7498,224.22118,25.360811,198.72433,64.70454,149.42297,-67.323616,361.63458,107.81647,127.60015,106.73456,234.9771,-37.70523,356.9616,33.00017,61.846855,356.07748,32.15561
to brush teeth,0.0,0.0,0.0,-12.973679,-138.30818,7.0783496,4.8056736,154.87181,0.80509186,-106.989716,28.723278,4.1825056,110.43465,19.215305,4.929936,-123.10685,217.4981,26.078533,195.90698,86.73068,142.37434,-67.98007,356.63824,105.58828,110.99566,102.87126,221.54337,-37.049862,357.72797,33.63336,62.24535,356.90277,31.865047
to brush teeth,0.0,0.0,0.0,-12.749259,-138.55661,6.8185806,4.7777348,154.87936,0.7384181,-106.91438,28.71187,4.407561,110.322266,20.059376,5.2758217,-122.480484,214.0457,26.951801,204.30038,90.02874,135.32402,-128.74258,376.65268,64.42445,98.74734,110.8049,198.00804,-37.03725,357.7836,33.697117,62.127026,357.0736,31.582249
to brush teeth,0.0,0.0,0.0,-12.74455,-138.96573,6.6413403,4.6620727,154.68723,0.6504655,-107.01514,28.421988,4.414153,110.7718,20.142681,3.07225,-124.08439,209.24219,25.350212,214.62378,103.01122,115.718605,-70.64144,351.54187,99.82889,63.037,169.79256,150.07678,-37.235806,357.407,33.630775,61.59931,356.98193,30.483173
to brush teeth,0.0,0.0,0.0,-12.74455,-138.96573,6.6413403,4.6620727,154.68723,0.6504655,-107.01514,28.421988,4.414153,110.7718,20.142681,3.07225,-124.08439,209.24219,25.350212,214.62378,103.01122,115.718605,-70.64144,351.54187,99.82889,63.037,169.79256,150.07678,-37.235806,357.407,33.630775,61.59931,356.98193,30.483173
to brush teeth,0.0,0.0,0.0,-12.74455,-138.96573,6.6413403,4.6620727,154.68723,0.6504655,-107.01514,28.421988,4.414153,110.7718,20.142681,3.07225,-124.08439,209.24219,25.350212,214.62378,103.01122,115.718605,-70.64144,351.54187,99.82889,63.037,169.79256,150.07678,-37.235806,357.407,33.630775,61.59931,356.98193,30.483173
to brush teeth,0.0,0.0,0.0,-12.74455,-138.96573,6.6413403,4.6620727,154.68723,0.6504655,-107.01514,28.421988,4.414153,110.7718,20.142681,3.07225,-124.08439,209.24219,25.350212,214.62378,103.01122,115.718605,-70.64144,351.54187,99.82889,63.037,169.79256,150.07678,-37.235806,357.407,33.630775,61.59931,356.98193,30.483173
to brush teeth,0.0,0.0,0.0,-12.74455,-138.96573,6.6413403,4.6620727,154.68723,0.6504655,-107.01514,28.421988,4.414153,110.7718,20.142681,3.07225,-124.08439,209.24219,25.350212,214.62378,103.01122,115.718605,-70.64144,351.54187,99.82889,63.037,169.79256,150.07678,-37.235806,357.407,33.630775,61.59931,356.98193,30.483173
to brush teeth,0.0,0.0,0.0,-12.74455,-138.96573,6.6413403,4.6620727,154.68723,0.6504655,-107.01514,28.421988,4.414153,110.7718,20.142681,3.07225,-124.08439,209.24219,25.350212,214.62378,103.01122,115.718605,-70.64144,351.54187,99.82889,63.037,169.79256,150.07678,-37.235806,357.407,33.630775,61.59931,356.98193,30.483173
to brush teeth,0.0,0.0,0.0,-12.74455,-138.96573,6.6413403,4.6620727,154.68723,0.6504655,-107.01514,28.421988,4.414153,110.7718,20.142681,3.07225,-124.08439,209.24219,25.350212,214.62378,103.01122,115.718605,-70.64144,351.54187,99.82889,63.037,169.79256,150.07678,-37.235806,357.407,33.630775,61.59931,356.98193,30.483173
to brush teeth,0.0,0.0,0.0,-12.74455,-138.96573,6.6413403,4.6620727,154.68723,0.6504655,-107.01514,28.421988,4.414153,110.7718,20.142681,3.07225,-124.08439,209.24219,25.350212,214.62378,103.01122,115.718605,-70.64144,351.54187,99.82889,63.037,169.79256,150.07678,-37.235806,357.407,33.630775,61.59931,356.98193,30.483173
to brush teeth,0.0,0.0,0.0,-12.74455,-138.96573,6.6413403,4.6620727,154.68723,0.6504655,-107.01514,28.421988,4.414153,110.7718,20.142681,3.07225,-124.08439,209.24219,25.350212,214.62378,103.01122,115.718605,-70.64144,351.54187,99.82889,63.037,169.79256,150.07678,-37.235806,357.407,33.630775,61.59931,356.98193,30.483173
to brush teeth,0.0,0.0,0.0,-12.74455,-138.96573,6.6413403,4.6620727,154.68723,0.6504655,-107.01514,28.421988,4.414153,110.7718,20.142681,3.07225,-124.08439,209.24219,25.350212,214.62378,103.01122,115.718605,-70.64144,351.54187,99.82889,63.037,169.79256,150.07678,-37.235806,357.407,33.630775,61.59931,356.98193,30.483173
to brush teeth,0.0,0.0,0.0,-12.74455,-138.96573,6.6413403,4.6620727,154.68723,0.6504655,-107.01514,28.421988,4.414153,110.7718,20.142681,3.07225,-124.08439,209.24219,25.350212,214.62378,103.01122,115.718605,-70.64144,351.54187,99.82889,63.037,169.79256,150.07678,-37.235806,357.407,33.630775,61.59931,356.98193,30.483173
to brush teeth,0.0,0.0,0.0,-12.74455,-138.96573,6.6413403,4.6620727,154.68723,0.6504655,-107.01514,28.421988,4.414153,110.7718,20.142681,3.07225,-124.08439,209.24219,25.350212,214.62378,103.01122,115.718605,-70.64144,351.54187,99.82889,63.037,169.79256,150.07678,-37.235806,357.407,33.630775,61.59931,356.98193,30.483173
to brush teeth,0.0,0.0,0.0,-12.74455,-138.96573,6.6413403,4.6620727,154.68723,0.6504655,-107.01514,28.421988,4.414153,110.7718,20.142681,3.07225,-124.08439,209.24219,25.350212,214.62378,103.01122,115.718605,-70.64144,351.54187,99.82889,63.037,169.79256,150.07678,-37.235806,357.407,33.630775,61.59931,356.98193,30.483173
to brush teeth,0.0,0.0,0.0,-12.74455,-138.96573,6.6413403,4.6620727,154.68723,0.6504655,-107.01514,28.421988,4.414153,110.7718,20.142681,3.07225,-124.08439,209.24219,25.350212,214.62378,103.01122,115.718605,-70.64144,351.54187,99.82889,63.037,169.79256,150.07678,-37.235806,357.407,33.630775,61.59931,356.98193,30.483173
to brush teeth,0.0,0.0,0.0,-12.74455,-138.96573,6.6413403,4.6620727,154.68723,0.6504655,-107.01514,28.421988,4.414153,110.7718,20.142681,3.07225,-124.08439,209.24219,25.350212,214.62378,103.01122,115.718605,-70.64144,351.54187,99.82889,63.037,169.79256,150.07678,-37.235806,357.407,33.630775,61.59931,356.98193,30.483173
to brush teeth,0.0,0.0,0.0,-12.74455,-138.96573,6.6413403,4.6620727,154.68723,0.6504655,-107.01514,28.421988,4.414153,110.7718,20.142681,3.07225,-124.08439,209.24219,25.350212,214.62378,103.01122,115.718605,-70.64144,351.54187,99.82889,63.037,169.79256,150.07678,-37.235806,357.407,33.630775,61.59931,356.98193,30.483173
to brush teeth,0.0,0.0,0.0,-12.74455,-138.96573,6.6413403,4.6620727,154.68723,0.6504655,-107.01514,28.421988,4.414153,110.7718,20.142681,3.07225,-124.08439,209.24219,25.350212,214.62378,103.01122,115.718605,-70.64144,351.54187,99.82889,63.037,169.79256,150.07678,-37.235806,357.407,33.630775,61.59931,356.98193,30.483173
to brush teeth,0.0,0.0,0.0,-12.74455,-138.96573,6.6413403,4.6620727,154.68723,0.6504655,-107.01514,28.421988,4.414153,110.7718,20.142681,3.07225,-124.08439,209.24219,25.350212,214.62378,103.01122,115.718605,-70.64144,351.54187,99.82889,63.037,169.79256,150.07678,-37.235806,357.407,33.630775,61.59931,356.98193,30.483173
to brush teeth,0.0,0.0,0.0,-12.74455,-138.96573,6.6413403,4.6620727,154.68723,0.6504655,-107.01514,28.421988,4.414153,110.7718,20.142681,3.07225,-124.08439,209.24219,25.350212,214.62378,103.01122,115.718605,-70.64144,351.54187,99.82889,63.037,169.79256,150.07678,-37.235806,357.407,33.630775,61.59931,356.98193,30.483173
to brush teeth,0.0,0.0,0.0,-12.74455,-138.96573,6.6413403,4.6620727,154.68723,0.6504655,-107.01514,28.421988,4.414153,110.7718,20.142681,3.07225,-124.08439,209.24219,25.350212,214.62378,103.01122,115.718605,-70.64144,351.54187,99.82889,63.037,169.79256,150.07678,-37.235806,357.407,33.630775,61.59931,356.98193,30.483173
to brush teeth,0.0,0.0,0.0,-12.74455,-138.96573,6.6413403,4.6620727,154.68723,0.6504655,-107.01514,28.421988,4.414153,110.7718,20.142681,3.07225,-124.08439,209.24219,25.350212,214.62378,103.01122,115.718605,-70.64144,351.54187,99.82889,63.037,169.79256,150.07678,-37.235806,357.407,33.630775,61.59931,356.98193,30.483173
to brush teeth,0.0,0.0,0.0,-12.74455,-138.96573,6.6413403,4.6620727,154.68723,0.6504655,-107.01514,28.421988,4.414153,110.7718,20.142681,3.07225,-124.08439,209.24219,25.350212,214.62378,103.01122,115.718605,-70.64144,351.54187,99.82889,63.037,169.79256,150.07678,-37.235806,357.407,33.630775,61.59931,356.98193,30.483173
to brush teeth,0.0,0.0,0.0,-12.74455,-138.96573,6.6413403,4.6620727,154.68723,0.6504655,-107.01514,28.421988,4.414153,110.7718,20.142681,3.07225,-124.08439,209.24219,25.350212,214.62378,103.01122,115.718605,-70.64144,351.54187,99.82889,63.037,169.79256,150.07678,-37.235806,357.407,33.630775,61.59931,356.98193,30.483173
to brush teeth,0.0,0.0,0.0,-12.74455,-138.96573,6.6413403,4.6620727,154.68723,0.6504655,-107.01514,28.421988,4.414153,110.7718,20.142681,3.07225,-124.08439,209.24219,25.350212,214.62378,103.01122,115.718605,-70.64144,351.54187,99.82889,63.037,169.79256,150.07678,-37.235806,357.407,33.630775,61.59931,356.98193,30.483173
to brush teeth,0.0,0.0,0.0,-12.74455,-138.96573,6.6413403,4.6620727,154.68723,0.6504655,-107.01514,28.421988,4.414153,110.7718,20.142681,3.07225,-124.08439,209.24219,25.350212,214.62378,103.01122,115.718605,-70.64144,351.54187,99.82889,63.037,169.79256,150.07678,-37.235806,357.407,33.630775,61.59931,356.98193,30.483173
to brush teeth,0.0,0.0,0.0,-12.74455,-138.96573,6.6413403,4.6620727,154.68723,0.6504655,-107.01514,28.421988,4.414153,110.7718,20.142681,3.07225,-124.08439,209.24219,25.350212,214.62378,103.01122,115.718605,-70.64144,351.54187,99.82889,63.037,169.79256,150.07678,-37.235806,357.407,33.630775,61.59931,356.98193,30.483173
to brush teeth,0.0,0.0,0.0,-12.74455,-138.96573,6.6413403,4.6620727,154.68723,0.6504655,-107.01514,28.421988,4.414153,110.7718,20.142681,3.07225,-124.08439,209.24219,25.350212,214.62378,103.01122,115.718605,-70.64144,351.54187,99.82889,63.037,169.79256,150.07678,-37.235806,357.407,33.630775,61.59931,356.98193,30.483173
to brush teeth,0.0,0.0,0.0,-12.74455,-138.96573,6.6413403,4.6620727,154.68723,0.6504655,-107.01514,28.421988,4.414153,110.7718,20.142681,3.07225,-124.08439,209.24219,25.350212,214.62378,103.01122,115.718605,-70.64144,351.54187,99.82889,63.037,169.79256,150.07678,-37.235806,357.407,33.630775,61.59931,356.98193,30.483173
to brush teeth,0.0,0.0,0.0,-12.74455,-138.96573,6.6413403,4.6620727,154.68723,0.6504655,-107.01514,28.421988,4.414153,110.7718,20.142681,3.07225,-124.08439,209.24219,25.350212,214.62378,103.01122,115.718605,-70.64144,351.54187,99.82889,63.037,169.79256,150.07678,-37.235806,357.407,33.630775,61.59931,356.98193,30.483173
to brush teeth,0.0,0.0,0.0,-12.74455,-138.96573,6.6413403,4.6620727,154.68723,0.6504655,-107.01514,28.421988,4.414153,110.7718,20.142681,3.07225,-124.08439,209.24219,25.350212,214.62378,103.01122,115.718605,-70.64144,351.54187,99.82889,63.037,169.79256,150.07678,-37.235806,357.407,33.630775,61.59931,356.98193,30.483173
to brush teeth,0.0,0.0,0.0,-12.74455,-138.96573,6.6413403,4.6620727,154.68723,0.6504655,-107.01514,28.421988,4.414153,110.7718,20.142681,3.07225,-124.08439,209.24219,25.350212,214.62378,103.01122,115.718605,-70.64144,351.54187,99.82889,63.037,169.79256,150.07678,-37.235806,357.407,33.630775,61.59931,356.98193,30.483173
to brush teeth,0.0,0.0,0.0,-12.74455,-138.96573,6.6413403,4.6620727,154.68723,0.6504655,-107.01514,28.421988,4.414153,110.7718,20.142681,3.07225,-124.08439,209.24219,25.350212,214.62378,103.01122,115.718605,-70.64144,351.54187,99.82889,63.037,169.79256,150.07678,-37.235806,357.407,33.630775,61.59931,356.98193,30.483173
to brush teeth,0.0,0.0,0.0,-12.74455,-138.96573,6.6413403,4.6620727,154.68723,0.6504655,-107.01514,28.421988,4.414153,110.7718,20.142681,3.07225,-124.08439,209.24219,25.350212,214.62378,103.01122,115.718605,-70.64144,351.54187,99.82889,63.037,169.79256,150.07678,-37.235806,357.407,33.630775,61.59931,356.98193,30.483173
to brush teeth,0.0,0.0,0.0,-12.74455,-138.96573,6.6413403,4.6620727,154.68723,0.6504655,-107.01514,28.421988,4.414153,110.7718,20.142681,3.07225,-124.08439,209.24219,25.350212,214.62378,103.01122,115.718605,-70.64144,351.54187,99.82889,63.037,169.79256,150.07678,-37.235806,357.407,33.630775,61.59931,356.98193,30.483173
to brush teeth,0.0,0.0,0.0,-12.74455,-138.96573,6.6413403,4.6620727,154.68723,0.6504655,-107.01514,28.421988,4.414153,110.7718,20.142681,3.07225,-124.08439,209.24219,25.350212,214.62378,103.01122,115.718605,-70.64144,351.54187,99.82889,63.037,169.79256,150.07678,-37.235806,357.407,33.630775,61.59931,356.98193,30.483173
to brush teeth,0.0,0.0,0.0,-12.74455,-138.96573,6.6413403,4.6620727,154.68723,0.6504655,-107.01514,28.421988,4.414153,110.7718,20.142681,3.07225,-124.08439,209.24219,25.350212,214.62378,103.01122,115.718605,-70.64144,351.54187,99.82889,63.037,169.79256,150.07678,-37.235806,357.407,33.630775,61.59931,356.98193,30.483173
to brush teeth,0.0,0.0,0.0,-12.74455,-138.96573,6.6413403,4.6620727,154.68723,0.6504655,-107.01514,28.421988,4.414153,110.7718,20.142681,3.07225,-124.08439,209.24219,25.350212,214.62378,103.01122,115.718605,-70.64144,351.54187,99.82889,63.037,169.79256,150.07678,-37.235806,357.407,33.630775,61.59931,356.98193,30.483173
to brush teeth,0.0,0.0,0.0,-12.74455,-138.96573,6.6413403,4.6620727,154.68723,0.6504655,-107.01514,28.421988,4.414153,110.7718,20.142681,3.07225,-124.08439,209.24219,25.350212,214.62378,103.01122,115.718605,-70.64144,351.54187,99.82889,63.037,169.79256,150.07678,-37.235806,357.407,33.630775,61.59931,356.98193,30.483173
to brush teeth,0.0,0.0,0.0,-12.74455,-138.96573,6.6413403,4.6620727,154.68723,0.6504655,-107.01514,28.421988,4.414153,110.7718,20.142681,3.07225,-124.08439,209.24219,25.350212,214.62378,103.01122,115.718605,-70.64144,351.54187,99.82889,63.037,169.79256,150.07678,-37.235806,357.407,33.630775,61.59931,356.98193,30.483173
to brush teeth,0.0,0.0,0.0,-12.74455,-138.96573,6.6413403,4.6620727,154.68723,0.6504655,-107.01514,28.421988,4.414153,110.7718,20.142681,3.07225,-124.08439,209.24219,25.350212,214.62378,103.01122,115.718605,-70.64144,351.54187,99.82889,63.037,169.79256,150.07678,-37.235806,357.407,33.630775,61.59931,356.98193,30.483173
to brush teeth,0.0,0.0,0.0,-12.74455,-138.96573,6.6413403,4.6620727,154.68723,0.6504655,-107.01514,28.421988,4.414153,110.7718,20.142681,3.07225,-124.08439,209.24219,25.350212,214.62378,103.01122,115.718605,-70.64144,351.54187,99.82889,63.037,169.79256,150.07678,-37.235806,357.407,33.630775,61.59931,356.98193,30.483173
to brush teeth,0.0,0.0,0.0,-12.74455,-138.96573,6.6413403,4.6620727,154.68723,0.6504655,-107.01514,28.421988,4.414153,110.7718,20.142681,3.07225,-124.08439,209.24219,25.350212,214.62378,103.01122,115.718605,-70.64144,351.54187,99.82889,63.037,169.79256,150.07678,-37.235806,357.407,33.630775,61.59931,356.98193,30.483173
to brush teeth,0.0,0.0,0.0,-12.74455,-138.96573,6.6413403,4.6620727,154.68723,0.6504655,-107.01514,28.421988,4.414153,110.7718,20.142681,3.07225,-124.08439,209.24219,25.350212,214.62378,103.01122,115.718605,-70.64144,351.54187,99.82889,63.037,169.79256,150.07678,-37.235806,357.407,33.630775,61.59931,356.98193,30.483173
to brush teeth,0.0,0.0,0.0,-12.74455,-138.96573,6.6413403,4.6620727,154.68723,0.6504655,-107.01514,28.421988,4.414153,110.7718,20.142681,3.07225,-124.08439,209.24219,25.350212,214.62378,103.01122,115.718605,-70.64144,351.54187,99.82889,63.037,169.79256,150.07678,-37.235806,357.407,33.630775,61.59931,356.98193,30.483173
to brush teeth,0.0,0.0,0.0,-12.74455,-138.96573,6.6413403,4.6620727,154.68723,0.6504655,-107.01514,28.421988,4.414153,110.7718,20.142681,3.07225,-124.08439,209.24219,25.350212,214.62378,103.01122,115.718605,-70.64144,351.54187,99.82889,63.037,169.79256,150.07678,-37.235806,357.407,33.630775,61.59931,356.98193,30.483173
to brush teeth,0.0,0.0,0.0,-12.74455,-138.96573,6.6413403,4.6620727,154.68723,0.6504655,-107.01514,28.421988,4.414153,110.7718,20.142681,3.07225,-124.08439,209.24219,25.350212,214.62378,103.01122,115.718605,-70.64144,351.54187,99.82889,63.037,169.79256,150.07678,-37.235806,357.407,33.630775,61.59931,356.98193,30.483173
to brush teeth,0.0,0.0,0.0,-12.74455,-138.96573,6.6413403,4.6620727,154.68723,0.6504655,-107.01514,28.421988,4.414153,110.7718,20.142681,3.07225,-124.08439,209.24219,25.350212,214.62378,103.01122,115.718605,-70.64144,351.54187,99.82889,63.037,169.79256,150.07678,-37.235806,357.407,33.630775,61.59931,356.98193,30.483173
to brush teeth,0.0,0.0,0.0,-12.74455,-138.96573,6.6413403,4.6620727,154.68723,0.6504655,-107.01514,28.421988,4.414153,110.7718,20.142681,3.07225,-124.08439,209.24219,25.350212,214.62378,103.01122,115.718605,-70.64144,351.54187,99.82889,63.037,169.79256,150.07678,-37.235806,357.407,33.630775,61.59931,356.98193,30.483173
to brush teeth,0.0,0.0,0.0,-12.74455,-138.96573,6.6413403,4.6620727,154.68723,0.6504655,-107.01514,28.421988,4.414153,110.7718,20.142681,3.07225,-124.08439,209.24219,25.350212,214.62378,103.01122,115.718605,-70.64144,351.54187,99.82889,63.037,169.79256,150.07678,-37.235806,357.407,33.630775,61.59931,356.98193,30.483173
to brush teeth,0.0,0.0,0.0,-12.74455,-138.96573,6.6413403,4.6620727,154.68723,0.6504655,-107.01514,28.421988,4.414153,110.7718,20.142681,3.07225,-124.08439,209.24219,25.350212,214.62378,103.01122,115.718605,-70.64144,351.54187,99.82889,63.037,169.79256,150.07678,-37.235806,357.407,33.630775,61.59931,356.98193,30.483173
to brush teeth,0.0,0.0,0.0,-12.74455,-138.96573,6.6413403,4.6620727,154.68723,0.6504655,-107.01514,28.421988,4.414153,110.7718,20.142681,3.07225,-124.08439,209.24219,25.350212,214.62378,103.01122,115.718605,-70.64144,351.54187,99.82889,63.037,169.79256,150.07678,-37.235806,357.407,33.630775,61.59931,356.98193,30.483173
to brush teeth,0.0,0.0,0.0,-12.74455,-138.96573,6.6413403,4.6620727,154.68723,0.6504655,-107.01514,28.421988,4.414153,110.7718,20.142681,3.07225,-124.08439,209.24219,25.350212,214.62378,103.01122,115.718605,-70.64144,351.54187,99.82889,63.037,169.79256,150.07678,-37.235806,357.407,33.630775,61.59931,356.98193,30.483173
to brush teeth,0.0,0.0,0.0,-12.74455,-138.96573,6.6413403,4.6620727,154.68723,0.6504655,-107.01514,28.421988,4.414153,110.7718,20.142681,3.07225,-124.08439,209.24219,25.350212,214.62378,103.01122,115.718605,-70.64144,351.54187,99.82889,63.037,169.79256,150.07678,-37.235806,357.407,33.630775,61.59931,356.98193,30.483173
to brush teeth,0.0,0.0,0.0,-12.74455,-138.96573,6.6413403,4.6620727,154.68723,0.6504655,-107.01514,28.421988,4.414153,110.7718,20.142681,3.07225,-124.08439,209.24219,25.350212,214.62378,103.01122,115.718605,-70.64144,351.54187,99.82889,63.037,169.79256,150.07678,-37.235806,357.407,33.630775,61.59931,356.98193,30.483173
to brush teeth,0.0,0.0,0.0,-12.74455,-138.96573,6.6413403,4.6620727,154.68723,0.6504655,-107.01514,28.421988,4.414153,110.7718,20.142681,3.07225,-124.08439,209.24219,25.350212,214.62378,103.01122,115.718605,-70.64144,351.54187,99.82889,63.037,169.79256,150.07678,-37.235806,357.407,33.630775,61.59931,356.98193,30.483173
to brush teeth,0.0,0.0,0.0,-12.74455,-138.96573,6.6413403,4.6620727,154.68723,0.6504655,-107.01514,28.421988,4.414153,110.7718,20.142681,3.07225,-124.08439,209.24219,25.350212,214.62378,103.01122,115.718605,-70.64144,351.54187,99.82889,63.037,169.79256,150.07678,-37.235806,357.407,33.630775,61.59931,356.98193,30.483173
to brush teeth,0.0,0.0,0.0,-12.74455,-138.96573,6.6413403,4.6620727,154.68723,0.6504655,-107.01514,28.421988,4.414153,110.7718,20.142681,3.07225,-124.08439,209.24219,25.350212,214.62378,103.01122,115.718605,-70.64144,351.54187,99.82889,63.037,169.79256,150.07678,-37.235806,357.407,33.630775,61.59931,356.98193,30.483173
to brush teeth,0.0,0.0,0.0,-12.74455,-138.96573,6.6413403,4.6620727,154.68723,0.6504655,-107.01514,28.421988,4.414153,110.7718,20.142681,3.07225,-124.08439,209.24219,25.350212,214.62378,103.01122,115.718605,-70.64144,351.54187,99.82889,63.037,169.79256,150.07678,-37.235806,357.407,33.630775,61.59931,356.98193,30.483173
to brush teeth,0.0,0.0,0.0,-12.74455,-138.96573,6.6413403,4.6620727,154.68723,0.6504655,-107.01514,28.421988,4.414153,110.7718,20.142681,3.07225,-124.08439,209.24219,25.350212,214.62378,103.01122,115.718605,-70.64144,351.54187,99.82889,63.037,169.79256,150.07678,-37.235806,357.407,33.630775,61.59931,356.98193,30.483173
to brush teeth,0.0,0.0,0.0,-12.74455,-138.96573,6.6413403,4.6620727,154.68723,0.6504655,-107.01514,28.421988,4.414153,110.7718,20.142681,3.07225,-124.08439,209.24219,25.350212,214.62378,103.01122,115.718605,-70.64144,351.54187,99.82889,63.037,169.79256,150.07678,-37.235806,357.407,33.630775,61.59931,356.98193,30.483173
to brush teeth,0.0,0.0,0.0,-12.74455,-138.96573,6.6413403,4.6620727,154.68723,0.6504655,-107.01514,28.421988,4.414153,110.7718,20.142681,3.07225,-124.08439,209.24219,25.350212,214.62378,103.01122,115.718605,-70.64144,351.54187,99.82889,63.037,169.79256,150.07678,-37.235806,357.407,33.630775,61.59931,356.98193,30.483173
to brush teeth,0.0,0.0,0.0,-12.74455,-138.96573,6.6413403,4.6620727,154.68723,0.6504655,-107.01514,28.421988,4.414153,110.7718,20.142681,3.07225,-124.08439,209.24219,25.350212,214.62378,103.01122,115.718605,-70.64144,351.54187,99.82889,63.037,169.79256,150.07678,-37.235806,357.407,33.630775,61.59931,356.98193,30.483173
to brush teeth,0.0,0.0,0.0,-12.74455,-138.96573,6.6413403,4.6620727,154.68723,0.6504655,-107.01514,28.421988,4.414153,110.7718,20.142681,3.07225,-124.08439,209.24219,25.350212,214.62378,103.01122,115.718605,-70.64144,351.54187,99.82889,63.037,169.79256,150.07678,-37.235806,357.407,33.630775,61.59931,356.98193,30.483173
to brush teeth,0.0,0.0,0.0,-12.74455,-138.96573,6.6413403,4.6620727,154.68723,0.6504655,-107.01514,28.421988,4.414153,110.7718,20.142681,3.07225,-124.08439,209.24219,25.350212,214.62378,103.01122,115.718605,-70.64144,351.54187,99.82889,63.037,169.79256,150.07678,-37.235806,357.407,33.630775,61.59931,356.98193,30.483173
to brush teeth,0.0,0.0,0.0,-12.74455,-138.96573,6.6413403,4.6620727,154.68723,0.6504655,-107.01514,28.421988,4.414153,110.7718,20.142681,3.07225,-124.08439,209.24219,25.350212,214.62378,103.01122,115.718605,-70.64144,351.54187,99.82889,63.037,169.79256,150.07678,-37.235806,357.407,33.630775,61.59931,356.98193,30.483173
to brush teeth,0.0,0.0,0.0,-12.74455,-138.96573,6.6413403,4.6620727,154.68723,0.6504655,-107.01514,28.421988,4.414153,110.7718,20.142681,3.07225,-124.08439,209.24219,25.350212,214.62378,103.01122,115.718605,-70.64144,351.54187,99.82889,63.037,169.79256,150.07678,-37.235806,357.407,33.630775,61.59931,356.98193,30.483173
to brush teeth,0.0,0.0,0.0,-12.74455,-138.96573,6.6413403,4.6620727,154.68723,0.6504655,-107.01514,28.421988,4.414153,110.7718,20.142681,3.07225,-124.08439,209.24219,25.350212,214.62378,103.01122,115.718605,-70.64144,351.54187,99.82889,63.037,169.79256,150.07678,-37.235806,357.407,33.630775,61.59931,356.98193,30.483173
to brush teeth,0.0,0.0,0.0,-12.74455,-138.96573,6.6413403,4.6620727,154.68723,0.6504655,-107.01514,28.421988,4.414153,110.7718,20.142681,3.07225,-124.08439,209.24219,25.350212,214.62378,103.01122,115.718605,-70.64144,351.54187,99.82889,63.037,169.79256,150.07678,-37.235806,357.407,33.630775,61.59931,356.98193,30.483173
to brush teeth,0.0,0.0,0.0,-12.74455,-138.96573,6.6413403,4.6620727,154.68723,0.6504655,-107.01514,28.421988,4.414153,110.7718,20.142681,3.07225,-124.08439,209.24219,25.350212,214.62378,103.01122,115.718605,-70.64144,351.54187,99.82889,63.037,169.79256,150.07678,-37.235806,357.407,33.630775,61.59931,356.98193,30.483173
to brush teeth,0.0,0.0,0.0,-12.74455,-138.96573,6.6413403,4.6620727,154.68723,0.6504655,-107.01514,28.421988,4.414153,110.7718,20.142681,3.07225,-124.08439,209.24219,25.350212,214.62378,103.01122,115.718605,-70.64144,351.54187,99.82889,63.037,169.79256,150.07678,-37.235806,357.407,33.630775,61.59931,356.98193,30.483173
to brush teeth,0.0,0.0,0.0,-12.74455,-138.96573,6.6413403,4.6620727,154.68723,0.6504655,-107.01514,28.421988,4.414153,110.7718,20.142681,3.07225,-124.08439,209.24219,25.350212,214.62378,103.01122,115.718605,-70.64144,351.54187,99.82889,63.037,169.79256,150.07678,-37.235806,357.407,33.630775,61.59931,356.98193,30.483173
to brush teeth,0.0,0.0,0.0,-12.74455,-138.96573,6.6413403,4.6620727,154.68723,0.6504655,-107.01514,28.421988,4.414153,110.7718,20.142681,3.07225,-124.08439,209.24219,25.350212,214.62378,103.01122,115.718605,-70.64144,351.54187,99.82889,63.037,169.79256,150.07678,-37.235806,357.407,33.630775,61.59931,356.98193,30.483173
to brush teeth,0.0,0.0,0.0,-12.74455,-138.96573,6.6413403,4.6620727,154.68723,0.6504655,-107.01514,28.421988,4.414153,110.7718,20.142681,3.07225,-124.08439,209.24219,25.350212,214.62378,103.01122,115.718605,-70.64144,351.54187,99.82889,63.037,169.79256,150.07678,-37.235806,357.407,33.630775,61.59931,356.98193,30.483173
to brush teeth,0.0,0.0,0.0,-12.74455,-138.96573,6.6413403,4.6620727,154.68723,0.6504655,-107.01514,28.421988,4.414153,110.7718,20.142681,3.07225,-124.08439,209.24219,25.350212,214.62378,103.01122,115.718605,-70.64144,351.54187,99.82889,63.037,169.79256,150.07678,-37.235806,357.407,33.630775,61.59931,356.98193,30.483173
to brush teeth,0.0,0.0,0.0,-12.74455,-138.96573,6.6413403,4.6620727,154.68723,0.6504655,-107.01514,28.421988,4.414153,110.7718,20.142681,3.07225,-124.08439,209.24219,25.350212,214.62378,103.01122,115.718605,-70.64144,351.54187,99.82889,63.037,169.79256,150.07678,-37.235806,357.407,33.630775,61.59931,356.98193,30.483173
to brush teeth,0.0,0.0,0.0,-12.74455,-138.96573,6.6413403,4.6620727,154.68723,0.6504655,-107.01514,28.421988,4.414153,110.7718,20.142681,3.07225,-124.08439,209.24219,25.350212,214.62378,103.01122,115.718605,-70.64144,351.54187,99.82889,63.037,169.79256,150.07678,-37.235806,357.407,33.630775,61.59931,356.98193,30.483173
to brush teeth,0.0,0.0,0.0,-12.74455,-138.96573,6.6413403,4.6620727,154.68723,0.6504655,-107.01514,28.421988,4.414153,110.7718,20.142681,3.07225,-124.08439,209.24219,25.350212,214.62378,103.01122,115.718605,-70.64144,351.54187,99.82889,63.037,169.79256,150.07678,-37.235806,357.407,33.630775,61.59931,356.98193,30.483173
to brush teeth,0.0,0.0,0.0,-12.74455,-138.96573,6.6413403,4.6620727,154.68723,0.6504655,-107.01514,28.421988,4.414153,110.7718,20.142681,3.07225,-124.08439,209.24219,25.350212,214.62378,103.01122,115.718605,-70.64144,351.54187,99.82889,63.037,169.79256,150.07678,-37.235806,357.407,33.630775,61.59931,356.98193,30.483173
to brush teeth,0.0,0.0,0.0,-12.74455,-138.96573,6.6413403,4.6620727,154.68723,0.6504655,-107.01514,28.421988,4.414153,110.7718,20.142681,3.07225,-124.08439,209.24219,25.350212,214.62378,103.01122,115.718605,-70.64144,351.54187,99.82889,63.037,169.79256,150.07678,-37.235806,357.407,33.630775,61.59931,356.98193,30.483173
to brush teeth,0.0,0.0,0.0,-12.74455,-138.96573,6.6413403,4.6620727,154.68723,0.6504655,-107.01514,28.421988,4.414153,110.7718,20.142681,3.07225,-124.08439,209.24219,25.350212,214.62378,103.01122,115.718605,-70.64144,351.54187,99.82889,63.037,169.79256,150.07678,-37.235806,357.407,33.630775,61.59931,356.98193,30.483173
to brush teeth,0.0,0.0,0.0,-12.74455,-138.96573,6.6413403,4.6620727,154.68723,0.6504655,-107.01514,28.421988,4.414153,110.7718,20.142681,3.07225,-124.08439,209.24219,25.350212,214.62378,103.01122,115.718605,-70.64144,351.54187,99.82889,63.037,169.79256,150.07678,-37.235806,357.407,33.630775,61.59931,356.98193,30.483173
to brush teeth,0.0,0.0,0.0,-12.74455,-138.96573,6.6413403,4.6620727,154.68723,0.6504655,-107.01514,28.421988,4.414153,110.7718,20.142681,3.07225,-124.08439,209.24219,25.350212,214.62378,103.01122,115.718605,-70.64144,351.54187,99.82889,63.037,169.79256,150.07678,-37.235806,357.407,33.630775,61.59931,356.98193,30.483173
to brush teeth,0.0,0.0,0.0,-12.74455,-138.96573,6.6413403,4.6620727,154.68723,0.6504655,-107.01514,28.421988,4.414153,110.7718,20.142681,3.07225,-124.08439,209.24219,25.350212,214.62378,103.01122,115.718605,-70.64144,351.54187,99.82889,63.037,169.79256,150.07678,-37.235806,357.407,33.630775,61.59931,356.98193,30.483173
to brush teeth,0.0,0.0,0.0,-12.74455,-138.96573,6.6413403,4.6620727,154.68723,0.6504655,-107.01514,28.421988,4.414153,110.7718,20.142681,3.07225,-124.08439,209.24219,25.350212,214.62378,103.01122,115.718605,-70.64144,351.54187,99.82889,63.037,169.79256,150.07678,-37.235806,357.407,33.630775,61.59931,356.98193,30.483173
to brush teeth,0.0,0.0,0.0,-12.74455,-138.96573,6.6413403,4.6620727,154.68723,0.6504655,-107.01514,28.421988,4.414153,110.7718,20.142681,3.07225,-124.08439,209.24219,25.350212,214.62378,103.01122,115.718605,-70.64144,351.54187,99.82889,63.037,169.79256,150.07678,-37.235806,357.407,33.630775,61.59931,356.98193,30.483173
to brush teeth,0.0,0.0,0.0,-12.74455,-138.96573,6.6413403,4.6620727,154.68723,0.6504655,-107.01514,28.421988,4.414153,110.7718,20.142681,3.07225,-124.08439,209.24219,25.350212,214.62378,103.01122,115.718605,-70.64144,351.54187,99.82889,63.037,169.79256,150.07678,-37.235806,357.407,33.630775,61.59931,356.98193,30.483173
to brush teeth,0.0,0.0,0.0,-12.74455,-138.96573,6.6413403,4.6620727,154.68723,0.6504655,-107.01514,28.421988,4.414153,110.7718,20.142681,3.07225,-124.08439,209.24219,25.350212,214.62378,103.01122,115.718605,-70.64144,351.54187,99.82889,63.037,169.79256,150.07678,-37.235806,357.407,33.630775,61.59931,356.98193,30.483173
to brush teeth,0.0,0.0,0.0,-12.74455,-138.96573,6.6413403,4.6620727,154.68723,0.6504655,-107.01514,28.421988,4.414153,110.7718,20.142681,3.07225,-124.08439,209.24219,25.350212,214.62378,103.01122,115.718605,-70.64144,351.54187,99.82889,63.037,169.79256,150.07678,-37.235806,357.407,33.630775,61.59931,356.98193,30.483173
to brush teeth,0.0,0.0,0.0,-12.74455,-138.96573,6.6413403,4.6620727,154.68723,0.6504655,-107.01514,28.421988,4.414153,110.7718,20.142681,3.07225,-124.08439,209.24219,25.350212,214.62378,103.01122,115.718605,-70.64144,351.54187,99.82889,63.037,169.79256,150.07678,-37.235806,357.407,33.630775,61.59931,356.98193,30.483173
to brush teeth,0.0,0.0,0.0,-12.74455,-138.96573,6.6413403,4.6620727,154.68723,0.6504655,-107.01514,28.421988,4.414153,110.7718,20.142681,3.07225,-124.08439,209.24219,25.350212,214.62378,103.01122,115.718605,-70.64144,351.54187,99.82889,63.037,169.79256,150.07678,-37.235806,357.407,33.630775,61.59931,356.98193,30.483173
to brush teeth,0.0,0.0,0.0,-12.74455,-138.96573,6.6413403,4.6620727,154.68723,0.6504655,-107.01514,28.421988,4.414153,110.7718,20.142681,3.07225,-124.08439,209.24219,25.350212,214.62378,103.01122,115.718605,-70.64144,351.54187,99.82889,63.037,169.79256,150.07678,-37.235806,357.407,33.630775,61.59931,356.98193,30.483173
to brush teeth,0.0,0.0,0.0,-12.71067,-139.08089,6.4267993,4.6620727,154.68723,0.6504655,-107.01514,28.421988,4.414153,110.7718,20.142681,3.07225,-124.08439,209.24219,25.350212,214.62378,103.01122,115.718605,-70.64144,351.54187,99.82889,63.037,169.79256,150.07678,-37.235806,357.407,33.630775,61.59931,356.98193,30.483173
to brush teeth,0.0,0.0,0.0,-12.71067,-139.08089,6.4267993,4.6365848,154.61722,0.49909353,-106.99275,28.201643,4.266703,110.8317,19.800995,2.4205327,-124.302826,208.95714,24.89376,216.61429,113.67116,102.9946,-70.642746,351.0671,99.60976,67.02605,176.55545,152.95903,-37.36159,357.2549,33.413063,61.326523,356.92465,30.034649
to brush teeth,0.0,0.0,0.0,-12.71067,-139.08089,6.4267993,4.6365848,154.61722,0.49909353,-106.99275,28.201643,4.266703,110.8317,19.800995,2.4205327,-124.302826,208.95714,24.89376,216.61429,113.67116,102.9946,-70.642746,351.0671,99.60976,67.02605,176.55545,152.95903,-37.36159,357.2549,33.413063,61.326523,356.92465,30.034649
to brush teeth,0.0,0.0,0.0,-12.675482,-139.1936,6.243801,4.6365848,154.61722,0.49909353,-106.99275,28.201643,4.266703,110.8317,19.800995,2.4205327,-124.302826,208.95714,24.89376,216.61429,113.67116,102.9946,-70.642746,351.0671,99.60976,67.02605,176.55545,152.95903,-37.36159,357.2549,33.413063,61.326523,356.92465,30.034649
to brush teeth,0.0,0.0,0.0,-12.675482,-139.1936,6.243801,4.4958525,154.67271,0.40496588,-106.78641,28.032757,4.175329,111.29974,20.0212,0.93843937,-124.65814,208.29294,24.199986,205.68832,144.06299,73.338715,-73.0626,351.8783,97.334,68.95384,218.15349,142.556,-37.67195,357.34628,33.24175,60.890507,357.19775,29.683758
to brush teeth,0.0,0.0,0.0,-12.381599,-139.43675,6.0895085,4.077217,154.65567,0.32635927,-106.4502,27.679121,3.9913297,111.963615,20.179613,-0.25776625,-126.71009,206.18875,21.938086,220.0457,144.33524,41.640556,-75.09507,349.77646,95.08362,103.06462,225.5615,136.31178,-38.88522,357.07492,33.022034,59.734207,357.3306,29.42357
to brush teeth,0.0,0.0,0.0,-12.381599,-139.43675,6.0895085,4.077217,154.65567,0.32635927,-106.4502,27.679121,3.9913297,111.963615,20.179613,-0.25776625,-126.71009,206.18875,21.938086,220.0457,144.33524,41.640556,-75.09507,349.77646,95.08362,103.06462,225.5615,136.31178,-38.88522,357.07492,33.022034,59.734207,357.3306,29.42357
to brush teeth,0.0,0.0,0.0,-12.381599,-139.43675,6.0895085,4.077217,154.65567,0.32635927,-106.4502,27.679121,3.9913297,111.963615,20.179613,-0.25776625,-126.71009,206.18875,21.938086,220.0457,144.33524,41.640556,-75.09507,349.77646,95.08362,103.06462,225.5615,136.31178,-38.88522,357.07492,33.022034,59.734207,357.3306,29.42357
to brush teeth,0.0,0.0,0.0,-12.081161,-139.28934,6.1838865,3.709223,154.68773,0.427413,-106.16886,27.731375,4.0798664,112.62937,20.970179,-3.4116268,-125.0876,207.07419,22.707129,220.0457,144.33524,41.640556,-75.09507,349.77646,95.08362,103.06462,225.5615,136.31178,-38.88522,357.07492,33.022034,59.734207,357.3306,29.42357
to brush teeth,0.0,0.0,0.0,-12.081161,-139.28934,6.1838865,3.709223,154.68773,0.427413,-106.16886,27.731375,4.0798664,112.62937,20.970179,-3.4116268,-125.0876,207.07419,22.707129,208.63553,157.147,23.451138,-80.04456,354.85364,91.02628,114.3318,254.81924,127.50676,-40.00879,357.16696,33.48216,58.83575,357.60416,29.819191
to brush teeth,0.0,0.0,0.0,-11.9443865,-139.1845,5.9786916,3.709223,154.68773,0.427413,-106.16886,27.731375,4.0798664,112.62937,20.970179,-3.4116268,-125.0876,207.07419,22.707129,208.63553,157.147,23.451138,-80.04456,354.85364,91.02628,114.3318,254.81924,127.50676,-40.00879,357.16696,33.48216,58.83575,357.60416,29.819191
to brush teeth,0.0,0.0,0.0,-11.9443865,-139.1845,5.9786916,3.7431233,154.81778,0.28254986,-106.16886,27.731375,4.0798664,112.62937,20.970179,-3.4116268,-125.0876,207.07419,22.707129,208.63553,157.147,23.451138,-80.04456,354.85364,91.02628,114.3318,254.81924,127.50676,-40.00879,357.16696,33.48216,58.83575,357.60416,29.819191
to brush teeth,0.0,0.0,0.0,-11.9443865,-139.1845,5.9786916,3.7431233,154.81778,0.28254986,-106.04949,27.789297,3.8244367,112.62937,20.970179,-3.4116268,-125.0876,207.07419,22.707129,208.63553,157.147,23.451138,-80.04456,354.85364,91.02628,114.3318,254.81924,127.50676,-40.00879,357.16696,33.48216,58.83575,357.60416,29.819191
to brush teeth,0.0,0.0,0.0,-11.9443865,-139.1845,5.9786916,3.7431233,154.81778,0.28254986,-106.04949,27.789297,3.8244367,113.03123,21.795282,-5.626464,-124.70836,207.59605,22.557758,182.03712,174.10254,4.3191075,-80.04456,354.85364,91.02628,114.3318,254.81924,127.50676,-40.00879,357.16696,33.48216,58.83575,357.60416,29.819191
to brush teeth,0.0,0.0,0.0,-11.9443865,-139.1845,5.9786916,3.7431233,154.81778,0.28254986,-106.04949,27.789297,3.8244367,113.03123,21.795282,-5.626464,-124.70836,207.59605,22.557758,182.03712,174.10254,4.3191075,-80.68121,355.8057,90.54012,128.84428,291.087,117.095055,-39.944622,357.38397,33.286976,58.83575,357.60416,29.