Stim,SpineShoulderX,SpineShoulderY,SpineShoulderZ,HeadX,HeadY,HeadZ,SpineMidX,SpineMidY,SpineMidZ,ShoulderLeftX,ShoulderLeftY,ShoulderLeftZ,ShoulderRightX,ShoulderRightY,ShoulderRightZ,ElbowLeftX,ElbowLeftY,ElbowLeftZ,ElbowRightX,ElbowRightY,ElbowRightZ,WristLeftX,WristLeftY,WristLeftZ,WristRightX,WristRightY,WristRightZ,HipLeftX,HipLeftY,HipLeftZ,HipRightX,HipRightY,HipRightZ,
to mix,0.0,0.0,0.0,-7.0819693,-140.83769,-2.8219104,6.99882,155.87955,5.5241585,-101.5549,28.473297,21.41037,111.10012,28.470032,2.1044374,-137.99283,172.99712,108.37748,146.34872,184.67389,62.486076,-83.884254,178.62921,285.92795,161.9757,112.86705,219.09096,-30.628664,359.94165,49.97561,66.2189,360.7257,38.03867
to mix,0.0,0.0,0.0,-7.0819693,-140.83769,-2.8219104,6.9635377,155.82652,5.1650047,-102.13088,28.988148,20.506393,111.27182,27.69603,0.76595545,-135.55296,177.55241,100.872635,145.47296,185.04066,58.181488,-91.04364,179.59282,270.3872,161.9757,112.86705,219.09096,-30.628664,359.94165,49.97561,66.2189,360.7257,38.03867
to mix,0.0,0.0,0.0,-6.903044,-141.00679,-2.6188016,7.042259,155.7637,5.2038074,-102.73921,29.54531,20.235025,111.5647,27.222591,0.26694536,-120.34281,189.90755,82.49388,156.64587,182.65909,54.66105,-91.04364,179.59282,270.3872,165.43355,119.22297,216.92427,-30.760149,359.91336,49.259724,66.15185,360.54617,37.24418
to mix,0.0,0.0,0.0,-6.903044,-141.00679,-2.6188016,7.042259,155.7637,5.2038074,-102.73921,29.54531,20.235025,111.5647,27.222591,0.26694536,-120.34281,189.90755,82.49388,156.64587,182.65909,54.66105,-133.8999,174.2383,254.26926,173.60185,157.21266,225.00473,-30.626478,359.7821,49.303616,66.458305,360.3308,37.359665
to mix,0.0,0.0,0.0,-6.463985,-141.00365,-2.1967292,7.042259,155.7637,5.2038074,-102.73921,29.54531,20.235025,111.5647,27.222591,0.26694536,-120.34281,189.90755,82.49388,156.64587,182.65909,54.66105,-133.8999,174.2383,254.26926,173.60185,157.21266,225.00473,-30.626478,359.7821,49.303616,66.458305,360.3308,37.359665
to mix,0.0,0.0,0.0,-6.463985,-141.00365,-2.1967292,7.042259,155.7637,5.2038074,-102.73921,29.54531,20.235025,111.5647,27.222591,0.26694536,-120.34281,189.90755,82.49388,156.64587,182.65909,54.66105,-133.8999,174.2383,254.26926,173.60185,157.21266,225.00473,-30.626478,359.7821,49.303616,66.458305,360.3308,37.359665
to mix,0.0,0.0,0.0,-6.5015464,-140.79897,-2.143073,7.155694,155.7617,5.2300096,-104.02919,31.922579,19.564701,111.858574,27.08626,-0.42432547,-125.82539,189.62738,82.35077,157.67587,183.69618,48.581635,-87.82605,249.81294,239.57916,187.05617,189.9901,218.8922,-30.48102,359.89124,49.223423,66.85612,360.18484,37.4815
to mix,0.0,0.0,0.0,-6.598167,-140.7263,-2.1909714,7.091383,155.96545,5.091822,-104.808266,33.172337,18.67174,112.17223,28.807068,-2.4690151,-131.33624,190.91792,78.90651,160.93001,185.6461,41.416504,-112.42245,238.56747,243.86606,200.03021,197.63434,209.36435,-30.721066,360.44708,48.892723,66.80688,360.51526,37.196114
to mix,0.0,0.0,0.0,-6.598167,-140.7263,-2.1909714,7.042342,156.15598,4.9319386,-105.85476,35.488514,17.945671,112.22659,28.92636,-3.2027602,-131.66896,193.83429,76.5499,162.10051,186.44223,35.16569,-114.78324,243.81387,241.00644,180.51273,218.09102,162.57214,-30.901241,361.10507,48.49869,66.78693,360.73853,36.96288
to mix,0.0,0.0,0.0,-6.1702795,-140.83316,-1.7544627,6.9428325,156.2568,4.546666,-106.50928,36.79026,17.12122,112.17192,28.911757,-4.0189505,-144.77649,195.38089,64.77818,163.46443,187.07533,26.595486,-114.43789,281.5711,210.66345,194.60112,271.55573,173.16592,-31.105951,361.37656,47.734653,66.60583,360.81232,36.271774
to mix,0.0,0.0,0.0,-6.56471,-140.97017,-1.509881,6.4757457,156.26953,4.1514635,-107.44532,37.183163,16.127789,111.49617,28.72321,-4.9599767,-146.60582,195.9508,61.93658,162.50119,187.38503,21.756506,-116.25287,289.1921,203.21368,191.26257,275.09973,166.8381,-31.97827,361.39868,46.82083,65.80779,360.77774,35.662533
to mix,0.0,0.0,0.0,-6.376064,-141.13318,-1.6975522,6.4757457,156.26953,4.1514635,-107.44532,37.183163,16.127789,111.49617,28.72321,-4.9599767,-146.60582,195.9508,61.93658,162.50119,187.38503,21.756506,-116.25287,289.1921,203.21368,191.26257,275.09973,166.8381,-31.97827,361.39868,46.82083,65.80779,360.77774,35.662533
to mix,0.0,0.0,0.0,-6.189368,-141.3241,-1.4837623,6.1176195,156.30986,3.5793543,-108.25203,37.363407,14.458442,111.08318,28.413841,-6.431222,-144.71918,197.90518,54.52478,160.51839,188.01443,14.024437,-110.27763,332.99542,152.30197,183.42343,306.02924,135.71648,-32.786957,361.56168,45.383133,65.107414,360.70093,34.609352
to mix,0.0,0.0,0.0,-6.189368,-141.3241,-1.4837623,6.1176195,156.30986,3.5793543,-108.25203,37.363407,14.458442,111.08318,28.413841,-6.431222,-144.71918,197.90518,54.52478,160.51839,188.01443,14.024437,-110.27763,332.99542,152.30197,183.42343,306.02924,135.71648,-32.786957,361.56168,45.383133,65.107414,360.70093,34.609352
to mix,0.0,0.0,0.0,-6.189368,-141.3241,-1.4837623,6.1176195,156.30986,3.5793543,-108.25203,37.363407,14.458442,111.08318,28.413841,-6.431222,-144.71918,197.90518,54.52478,160.51839,188.01443,14.024437,-110.27763,332.99542,152.30197,183.42343,306.02924,135.71648,-32.786957,361.56168,45.383133,65.107414,360.70093,34.609352
to mix,0.0,0.0,0.0,-6.0397067,-141.37457,-1.2607932,6.1176195,156.30986,3.5793543,-108.25203,37.363407,14.458442,111.08318,28.413841,-6.431222,-144.71918,197.90518,54.52478,160.51839,188.01443,14.024437,-110.27763,332.99542,152.30197,183.42343,306.02924,135.71648,-32.786957,361.56168,45.383133,65.107414,360.70093,34.609352
to mix,0.0,0.0,0.0,-5.8007784,-141.01997,-1.1324525,5.9609904,156.6084,2.5492072,-108.77648,37.579514,12.096405,110.67145,27.553263,-8.550346,-134.29897,202.6527,44.51612,155.30106,189.0569,10.096943,-108.922905,345.2363,129.93254,178.03607,323.6603,111.78735,-33.065693,361.81927,44.100143,64.88471,360.77536,33.525467
to mix,0.0,0.0,0.0,-5.8007784,-141.01997,-1.1324525,5.9609904,156.6084,2.5492072,-108.77648,37.579514,12.096405,110.67145,27.553263,-8.550346,-134.29897,202.6527,44.51612,154.22832,189.12643,7.5974703,-110.137085,351.00925,122.39975,175.45883,328.26932,102.83021,-33.065693,361.81927,44.100143,64.88471,360.77536,33.525467
to mix,0.0,0.0,0.0,-5.739033,-140.94475,-0.97824335,5.7609744,156.67877,2.086413,-105.16418,32.092274,10.949934,110.10293,27.505016,-9.330487,-127.91515,216.0858,42.527508,151.66116,208.41023,5.792856,-108.059425,371.1124,105.43549,168.51547,359.51062,79.26208,-33.628418,362.65436,42.12905,64.387215,361.02905,31.9162
to mix,0.0,0.0,0.0,-5.6200957,-140.96231,-0.015854836,5.7609744,156.67877,2.086413,-105.16418,32.092274,10.949934,110.10293,27.505016,-9.330487,-127.91515,216.0858,42.527508,151.66116,208.41023,5.792856,-108.059425,371.1124,105.43549,168.51547,359.51062,79.26208,-33.628418,362.65436,42.12905,64.387215,361.02905,31.9162
to mix,0.0,0.0,0.0,-5.6200957,-140.96231,-0.015854836,5.7609744,156.67877,2.086413,-105.16418,32.092274,10.949934,110.10293,27.505016,-9.330487,-127.91515,216.0858,42.527508,151.66116,208.41023,5.792856,-108.059425,371.1124,105.43549,168.51547,359.51062,79.26208,-33.628418,362.65436,42.12905,64.387215,361.02905,31.9162
to mix,0.0,0.0,0.0,-5.787917,-141.05617,-0.043308735,5.6573286,156.90613,1.9367933,-105.373116,33.77258,11.251175,109.896225,26.807617,-9.432292,-123.460625,219.48323,40.577614,148.9372,220.07738,4.6573997,-108.76213,379.15387,89.87522,167.51526,373.76746,71.06671,-34.026955,363.8703,41.280067,64.14761,361.63846,31.617714
to mix,0.0,0.0,0.0,-5.8206334,-141.06406,0.40980577,5.6573286,156.90613,1.9367933,-105.373116,33.77258,11.251175,109.896225,26.807617,-9.432292,-123.460625,219.48323,40.577614,148.9372,220.07738,4.6573997,-108.76213,379.15387,89.87522,167.51526,373.76746,71.06671,-34.026955,363.8703,41.280067,64.14761,361.63846,31.617714
to mix,0.0,0.0,0.0,-5.9829316,-141.27318,0.79574585,5.530422,156.85397,1.3411522,-105.59959,33.32082,10.535038,109.62072,25.73067,-9.928715,-119.92289,218.10254,37.963737,144.88773,228.61014,5.355096,-108.42901,379.54633,80.70854,164.66344,387.50058,54.717457,-34.303555,363.72195,39.99424,63.865234,361.91962,30.383957
to mix,0.0,0.0,0.0,-5.9641404,-141.38225,1.1142612,5.537291,156.76596,1.0992408,-105.63132,32.926826,10.295046,109.519615,25.30186,-10.047543,-119.92289,218.10254,37.963737,144.88773,228.61014,5.355096,-108.42901,379.54633,80.70854,164.66344,387.50058,54.717457,-34.303555,363.72195,39.99424,63.865234,361.91962,30.383957
to mix,0.0,0.0,0.0,-5.9641404,-141.38225,1.1142612,5.537291,156.76596,1.0992408,-105.63132,32.926826,10.295046,109.519615,25.30186,-10.047543,-118.78513,218.47832,34.727596,144.18568,232.56728,3.7014365,-111.36297,381.19067,72.041534,162.05582,393.0996,47.02177,-34.303555,363.72195,39.99424,63.865234,361.91962,30.383957
to mix,0.0,0.0,0.0,-5.6512995,-141.253,1.6382217,5.6102962,156.85933,0.65255165,-103.5571,29.401525,9.472179,109.60078,25.190199,-10.196411,-119.35112,220.43439,29.145277,143.75757,234.16553,3.09937,-111.18204,382.38797,70.23375,162.05582,393.0996,47.02177,-34.210754,363.6404,39.290283,63.905674,361.84247,29.77146
to mix,0.0,0.0,0.0,-5.6296816,-141.28311,2.012229,5.6565413,156.88339,0.5640149,-103.65593,29.472538,9.424281,109.5227,24.971992,-10.203004,-119.74873,219.37428,26.134861,143.75757,234.16553,3.09937,-111.18204,382.38797,70.23375,161.32063,395.3462,43.40795,-34.117123,363.78925,38.463165,63.925728,362.08585,28.955353
to mix,0.0,0.0,0.0,-5.706025,-141.64526,2.1832108,5.622276,156.73163,0.29406548,-103.04275,27.77788,8.718991,109.43901,24.50031,-10.4298115,-118.60992,220.69852,25.253332,143.56993,236.03598,0.86266994,-113.75075,383.1326,64.41394,161.21587,398.8191,31.343006,-33.9866,363.51703,37.28323,64.01017,362.02985,28.03135
to mix,0.0,0.0,0.0,-5.706025,-141.64526,2.1832108,5.525874,156.61931,0.0014185905,-102.503075,26.145885,8.277977,109.260864,24.179506,-10.736728,-119.56342,221.76295,23.497116,143.41078,237.6518,-0.8940458,-114.12532,383.9574,63.780914,161.58212,400.25607,30.373775,-34.15418,363.30954,36.65396,63.84335,361.89566,27.458572
to mix,0.0,0.0,0.0,-5.706025,-141.64526,2.1832108,5.525874,156.61931,0.0014185905,-102.503075,26.145885,8.277977,109.260864,24.179506,-10.736728,-119.56342,221.76295,23.497116,143.41078,237.6518,-0.8940458,-114.12532,383.9574,63.780914,161.58212,400.25607,30.373775,-34.15418,363.30954,36.65396,63.84335,361.89566,27.458572
to mix,0.0,0.0,0.0,-5.627142,-141.67673,2.1511674,5.525874,156.61931,0.0014185905,-102.503075,26.145885,8.277977,109.260864,24.179506,-10.736728,-119.56342,221.76295,23.497116,143.41078,237.6518,-0.8940458,-114.12532,383.9574,63.780914,161.58212,400.25607,30.373775,-34.15418,363.30954,36.65396,63.84335,361.89566,27.458572
to mix,0.0,0.0,0.0,-5.627142,-141.67673,2.1511674,5.5265107,156.64285,-0.11907816,-102.85234,27.087027,8.255029,109.248474,23.993711,-10.870993,-118.98468,222.13892,23.609018,143.37915,237.7138,-1.8996596,-114.334946,384.4139,63.559868,161.86844,400.2993,29.233479,-34.17149,363.36005,36.223293,63.818264,362.04083,27.10793
to mix,0.0,0.0,0.0,-5.5955,-141.67464,2.1995664,5.5003085,156.69391,-0.18658638,-102.85234,27.087027,8.255029,109.248474,23.993711,-10.870993,-118.98468,222.13892,23.609018,143.37915,237.7138,-1.8996596,-114.334946,384.4139,63.559868,161.86844,400.2993,29.233479,-34.17149,363.36005,36.223293,63.818264,362.04083,27.10793
to mix,0.0,0.0,0.0,-5.529379,-141.64828,2.30304,5.5536466,156.71501,-0.24524927,-103.73489,28.739033,8.02046,109.16791,23.78361,-10.883009,-118.95852,221.61522,23.806036,142.54367,237.73116,-1.7172456,-114.265755,383.9329,63.545097,162.03633,400.34003,28.357374,-34.297123,363.491,35.905777,63.70982,362.1187,26.828968
to mix,0.0,0.0,0.0,-5.5054665,-141.97057,2.2240162,5.619501,156.60942,-0.34872293,-104.09947,28.99187,7.7958226,109.14971,23.161182,-11.020446,-119.23431,221.03014,23.541843,143.33725,239.33475,-3.6449432,-113.5817,383.12042,64.33567,162.04636,401.6804,28.903782,-34.15888,363.50897,35.651432,63.88349,362.20996,26.56002
to mix,0.0,0.0,0.0,-5.5054665,-141.97057,2.2240162,5.619501,156.60942,-0.34872293,-104.09947,28.99187,7.7958226,109.14971,23.161182,-11.020446,-118.70476,220.95929,23.954487,142.98688,238.58841,-3.7323952,-113.204926,382.90204,65.48873,161.96843,400.96338,28.413368,-34.078995,363.21747,35.379814,63.987583,361.96802,26.280975
to mix,0.0,0.0,0.0,-5.4250813,-141.89728,2.298367,5.619501,156.60942,-0.34872293,-104.09947,28.99187,7.7958226,109.14971,23.161182,-11.020446,-118.70476,220.95929,23.954487,142.98688,238.58841,-3.7323952,-113.204926,382.90204,65.48873,161.96843,400.96338,28.413368,-34.078995,363.21747,35.379814,63.987583,361.96802,26.280975
to mix,0.0,0.0,0.0,-5.4250813,-141.89728,2.298367,5.70469,156.72337,-0.37208796,-104.23874,29.29885,7.7159643,109.14971,23.161182,-11.020446,-118.70476,220.95929,23.954487,142.98688,238.58841,-3.7323952,-113.204926,382.90204,65.48873,161.96843,400.96338,28.413368,-34.078995,363.21747,35.379814,63.987583,361.96802,26.280975
to mix,0.0,0.0,0.0,-5.4250813,-141.89728,2.298367,5.70469,156.72337,-0.37208796,-104.23874,29.29885,7.7159643,108.98495,23.367838,-11.150705,-118.17669,220.78555,25.206017,142.9029,240.22865,-4.2643666,-112.50827,382.45074,68.052124,162.09619,402.4025,28.991652,-33.90343,363.45834,35.24346,64.174675,362.19263,26.059425
to mix,0.0,0.0,0.0,-5.356483,-141.67535,2.4408937,5.723627,156.73682,-0.43742657,-103.51712,27.992537,7.385099,109.040985,23.280197,-11.166895,-118.20777,220.12169,25.855398,142.81172,240.19185,-4.250598,-111.90714,381.3949,70.4276,161.78459,402.29132,29.660976,-33.872448,363.4635,35.120296,64.19571,362.21097,25.931501
to mix,0.0,0.0,0.0,-5.356483,-141.67535,2.4408937,5.7162366,156.70557,-0.47080517,-102.836716,26.428263,7.225883,108.918755,23.123,-11.144114,-118.28413,219.82,26.42033,142.64075,240.03963,-4.410982,-111.761635,380.88104,71.901344,161.2,402.07172,30.237925,-33.89425,363.3236,34.99638,64.168434,362.10876,25.79757
to mix,0.0,0.0,0.0,-5.356483,-141.67535,2.4408937,5.7162366,156.70557,-0.47080517,-102.836716,26.428263,7.225883,108.918755,23.123,-11.144114,-118.28413,219.82,26.42033,142.64075,240.03963,-4.410982,-111.761635,380.88104,71.901344,161.2,402.07172,30.237925,-33.89425,363.3236,34.99638,64.168434,362.10876,25.79757
to mix,0.0,0.0,0.0,-5.129029,-141.6258,2.8594613,5.872344,156.71916,-0.26010275,-102.433105,25.77144,7.3728323,109.08156,23.120283,-10.748827,-118.25223,219.50525,27.004707,142.63837,240.15572,-3.9789796,-111.26442,380.4336,72.99708,160.89325,402.13666,31.198061,-33.588516,363.24283,35.260235,64.44687,362.13678,26.057255
to mix,0.0,0.0,0.0,-5.0059977,-141.63948,2.9250503,5.872344,156.71916,-0.26010275,-102.433105,25.77144,7.3728323,109.08156,23.120283,-10.748827,-118.25223,219.50525,27.004707,142.63837,240.15572,-3.9789796,-111.26442,380.4336,72.99708,160.89325,402.13666,31.198061,-33.588516,363.24283,35.260235,64.44687,362.13678,26.057255
to mix,0.0,0.0,0.0,-5.0059977,-141.63948,2.9250503,5.9538817,156.71289,-0.30190945,-102.19403,25.132334,7.186246,108.956535,23.08646,-10.86198,-118.74857,218.92033,26.869942,142.35512,239.64024,-3.9572,-110.238846,379.4243,74.39348,160.67674,401.6151,31.231773,-33.373116,363.24176,35.01248,64.65403,361.98,25.927078
to mix,0.0,0.0,0.0,-5.0059977,-141.63948,2.9250503,5.9538817,156.71289,-0.30190945,-102.19403,25.132334,7.186246,108.956535,23.08646,-10.86198,-118.74857,218.92033,26.869942,142.35512,239.64024,-3.9572,-110.238846,379.4243,74.39348,160.67674,401.6151,31.231773,-33.373116,363.24176,35.01248,64.65403,361.98,25.927078
to mix,0.0,0.0,0.0,-5.0059977,-141.63948,2.9250503,5.9538817,156.71289,-0.30190945,-102.19403,25.132334,7.186246,108.956535,23.08646,-10.86198,-118.74857,218.92033,26.869942,142.35512,239.64024,-3.9572,-110.238846,379.4243,74.39348,160.67674,401.6151,31.231773,-33.373116,363.24176,35.01248,64.65403,361.98,25.927078
to mix,0.0,0.0,0.0,-5.0771565,-141.62865,2.921462,5.9538817,156.71289,-0.30190945,-102.19403,25.132334,7.186246,108.956535,23.08646,-10.86198,-118.74857,218.92033,26.869942,142.35512,239.64024,-3.9572,-110.238846,379.4243,74.39348,160.67674,401.6151,31.231773,-33.373116,363.24176,35.01248,64.65403,361.98,25.927078
to mix,0.0,0.0,0.0,-4.8565083,-141.51833,3.019929,5.857762,156.72015,-0.3317833,-102.17159,24.589916,7.0717573,108.72459,23.006878,-10.829687,-118.880295,218.71324,26.93361,141.98972,239.7551,-3.9598703,-109.96215,379.08475,74.923195,160.07799,401.70544,31.5341,-33.597992,363.21802,34.938385,64.436066,361.97183,25.873339
to mix,0.0,0.0,0.0,-4.8565083,-141.51833,3.019929,5.9374743,156.72966,-0.33562183,-102.54017,26.199015,7.156539,108.75334,22.861103,-10.798979,-117.94177,226.4515,26.397884,141.49347,238.35521,-3.4990788,-109.31369,385.963,77.576706,159.36632,400.38705,31.70625,-33.39799,363.21848,34.889484,64.75441,361.9398,25.807667
to mix,0.0,0.0,0.0,-4.864175,-141.61272,3.0558944,5.9627113,156.69455,-0.3623247,-103.295746,27.854506,7.062912,108.63789,22.54529,-10.777199,-117.45739,225.28807,26.64405,141.26808,238.3924,-3.4253955,-109.34094,384.93588,77.4245,158.77142,400.40955,32.110214,-33.42535,363.09625,34.81755,64.79412,361.8242,25.727224
to mix,0.0,0.0,0.0,-4.864175,-141.61272,3.0558944,5.9627113,156.69455,-0.3623247,-103.295746,27.854506,7.062912,108.63789,22.54529,-10.777199,-117.45739,225.28807,26.64405,141.26808,238.3924,-3.4253955,-109.34094,384.93588,77.4245,158.77142,400.40955,32.110214,-33.42535,363.09625,34.81755,64.79412,361.8242,25.727224
to mix,0.0,0.0,0.0,-4.835031,-141.54335,3.0660748,5.9627113,156.69455,-0.3623247,-103.295746,27.854506,7.062912,108.63789,22.54529,-10.777199,-117.45739,225.28807,26.64405,141.26808,238.3924,-3.4253955,-109.34094,384.93588,77.4245,158.77142,400.40955,32.110214,-33.42535,363.09625,34.81755,64.79412,361.8242,25.727224
to mix,0.0,0.0,0.0,-4.78888,-141.52792,3.0566454,5.969898,156.72025,-0.3665805,-103.6407,28.574936,7.007587,108.54744,22.449707,-10.768021,-118.25098,224.28236,26.52564,140.90277,238.18678,-3.1965017,-109.25373,383.9372,77.15055,158.46541,400.1477,32.644104,-33.4876,363.13956,34.79135,64.77789,361.82678,25.702274
to mix,0.0,0.0,0.0,-4.78888,-141.52792,3.0566454,5.969898,156.72025,-0.3665805,-103.6407,28.574936,7.007587,108.54744,22.449707,-10.768021,-118.25098,224.28236,26.52564,140.90277,238.18678,-3.1965017,-109.25373,383.9372,77.15055,158.46541,400.1477,32.644104,-33.4876,363.13956,34.79135,64.77789,361.82678,25.702274
to mix,0.0,0.0,0.0,-4.78888,-141.52792,3.0566454,5.9488177,156.73763,-0.37759542,-103.89213,29.41786,6.9621086,108.54744,22.449707,-10.768021,-118.25098,224.28236,26.52564,140.90277,238.18678,-3.1965017,-109.25373,383.9372,77.15055,158.46541,400.1477,32.644104,-33.4876,363.13956,34.79135,64.77789,361.82678,25.702274
to mix,0.0,0.0,0.0,-4.78888,-141.52792,3.0566454,5.9488177,156.73763,-0.37759542,-103.89213,29.41786,6.9621086,108.530396,22.339046,-10.757923,-118.25098,224.28236,26.52564,140.90277,238.18678,-3.1965017,-109.25373,383.9372,77.15055,158.46541,400.1477,32.644104,-33.4876,363.13956,34.79135,64.77789,361.82678,25.702274
to mix,0.0,0.0,0.0,-4.7665424,-141.47299,2.9299736,5.919643,156.755,-0.4017949,-103.19835,27.960321,6.741309,108.534546,22.312233,-10.764766,-115.15544,222.63214,29.218376,139.83539,235.00768,-2.509904,-109.820435,383.38507,76.07801,156.99959,397.08435,33.02587,-33.707207,363.09372,34.618866,64.60548,361.87115,25.601137
to mix,0.0,0.0,0.0,-4.502241,-141.3656,3.2464862,5.902635,156.72363,-0.21746159,-102.44552,26.224201,6.9955707,108.6622,22.17302,-10.2222805,-112.01952,222.73929,32.88176,139.50957,234.5706,-1.5793085,-110.30694,384.09863,75.582756,157.12624,396.90817,33.39704,-33.859512,362.9471,34.55995,64.45109,361.7495,25.57577
to mix,0.0,0.0,0.0,-4.4414454,-141.5219,3.4384966,5.874008,156.70937,-0.07443428,-102.743774,27.028843,7.3792577,108.667206,22.047958,-9.876728,-120.12232,217.43196,25.666725,139.66011,235.09334,-1.4802575,-109.16576,377.3728,74.946976,157.07896,397.02515,34.741447,-33.840816,362.91696,35.11913,64.461426,361.80463,26.207293
to mix,0.0,0.0,0.0,-4.4414454,-141.5219,3.4384966,5.874008,156.70937,-0.07443428,-102.743774,27.028843,7.3792577,108.667206,22.047958,-9.876728,-120.12232,217.43196,25.666725,139.66011,235.09334,-1.4802575,-109.16576,377.3728,74.946976,157.07896,397.02515,34.741447,-33.840816,362.91696,35.11913,64.461426,361.80463,26.207293
to mix,0.0,0.0,0.0,-4.3032994,-141.70065,3.8179278,5.92006,156.63023,0.088620186,-102.31905,26.03692,7.687092,108.812225,21.803116,-9.394825,-120.12232,217.43196,25.666725,139.66011,235.09334,-1.4802575,-109.16576,377.3728,74.946976,157.07896,397.02515,34.741447,-33.840816,362.91696,35.11913,64.461426,361.80463,26.207293
to mix,0.0,0.0,0.0,-4.3567524,-141.72891,3.736484,5.92006,156.63023,0.088620186,-102.31905,26.03692,7.687092,108.812225,21.803116,-9.394825,-119.367805,217.87953,26.088882,139.73318,233.85808,-0.76628923,-109.02601,377.84702,75.39175,157.02028,395.89047,34.98912,-33.7823,362.73474,35.358955,64.5398,361.6535,26.593567
to mix,0.0,0.0,0.0,-4.3567524,-141.72891,3.736484,5.8481708,156.6171,0.08753538,-102.17269,25.391258,7.471466,108.76165,21.688074,-9.3889,-120.04282,217.21582,25.501501,139.35144,233.03333,-0.4771471,-109.4365,377.31183,74.255875,156.77051,395.11655,34.920357,-33.938126,362.6649,35.309135,64.40161,361.6129,26.566612
to mix,0.0,0.0,0.0,-4.3567524,-141.72891,3.736484,5.8481708,156.6171,0.08753538,-102.17269,25.391258,7.471466,108.76165,21.688074,-9.3889,-120.04282,217.21582,25.501501,139.35144,233.03333,-0.4771471,-109.4365,377.31183,74.255875,156.77051,395.11655,34.920357,-33.938126,362.6649,35.309135,64.40161,361.6129,26.566612
to mix,0.0,0.0,0.0,-4.3567524,-141.72891,3.736484,5.8481708,156.6171,0.08753538,-102.17269,25.391258,7.471466,108.76165,21.688074,-9.3889,-120.04282,217.21582,25.501501,139.35144,233.03333,-0.4771471,-109.4365,377.31183,74.255875,156.77051,395.11655,34.920357,-33.938126,362.6649,35.309135,64.40161,361.6129,26.566612
to mix,0.0,0.0,0.0,-4.3567524,-141.72891,3.736484,5.8481708,156.6171,0.08753538,-102.17269,25.391258,7.471466,108.76165,21.688074,-9.3889,-120.04282,217.21582,25.501501,139.35144,233.03333,-0.4771471,-109.4365,377.31183,74.255875,156.77051,395.11655,34.920357,-33.938126,362.6649,35.309135,64.40161,361.6129,26.566612
to mix,0.0,0.0,0.0,-4.3959303,-141.8145,3.612566,5.794901,156.57556,0.10046959,-102.03494,24.859318,7.4289083,108.729836,21.62621,-9.310794,-118.157265,218.32072,26.122177,139.6762,233.28018,-0.672245,-109.66506,378.64856,74.36227,156.53543,395.30774,35.404266,-34.114876,362.3975,35.252308,64.26658,361.54736,26.560104
to mix,0.0,0.0,0.0,-4.472759,-141.84497,3.4687877,5.731523,156.54092,0.12683868,-101.95759,24.382708,7.3236823,108.56553,21.86181,-9.455824,-119.50332,217.39104,25.325012,139.50385,233.13295,-0.43509007,-109.66506,378.64856,74.36227,156.53543,395.30774,35.404266,-34.114876,362.3975,35.252308,64.26658,361.54736,26.560104
to mix,0.0,0.0,0.0,-4.4583693,-141.86235,3.619492,5.752442,156.53375,0.26727915,-101.75767,23.997143,7.4706316,108.666756,21.79219,-9.119868,-119.50332,217.39104,25.325012,139.50385,233.13295,-0.43509007,-109.48154,377.5073,74.12344,156.25021,395.1474,35.792374,-34.217464,362.34,35.288776,64.16454,361.49033,26.610588
to mix,0.0,0.0,0.0,-4.4277916,-141.86157,3.7180424,5.784011,156.49283,0.37267208,-101.64126,23.825989,7.5959682,108.7777,21.711554,-8.907831,-117.610245,236.52332,26.91375,141.06778,234.22803,-1.0631084,-108.56085,395.4939,79.7358,155.87851,395.91895,37.992523,-34.136868,362.1778,35.712517,64.22561,361.40738,27.082813
to mix,0.0,0.0,0.0,-4.2549944,-141.9386,3.4989119,5.784011,156.49283,0.37267208,-101.64126,23.825989,7.5959682,108.7777,21.711554,-8.907831,-117.610245,236.52332,26.91375,141.06778,234.22803,-1.0631084,-108.56085,395.4939,79.7358,155.87851,395.91895,37.992523,-34.136868,362.1778,35.712517,64.22561,361.40738,27.082813
to mix,0.0,0.0,0.0,-4.2549944,-141.9386,3.4989119,5.886932,156.51347,0.5017638,-102.157646,25.413357,7.2270513,108.923485,21.712885,-8.618689,-117.310616,238.71655,27.08298,141.77913,234.76086,-1.3514161,-111.99347,398.4651,77.50903,155.68398,396.31055,38.848103,-33.966957,362.2092,35.88842,64.38703,361.4312,27.365028
to mix,0.0,0.0,0.0,-4.342029,-141.85538,3.4463406,5.8422933,156.49957,0.6043196,-102.01472,25.23369,7.418978,108.9652,21.712221,-8.364761,-117.13274,239.85617,27.474344,141.52661,234.13795,-0.5017638,-110.55589,399.26355,79.008316,154.29314,395.73624,39.963116,-34.07372,362.13913,36.036537,64.26522,361.39624,27.596426
to mix,0.0,0.0,0.0,-4.342029,-141.85538,3.4463406,5.8422933,156.49957,0.6043196,-102.01472,25.23369,7.418978,108.9652,21.712221,-8.364761,-117.13274,239.85617,27.474344,141.52661,234.13795,-0.5017638,-110.55589,399.26355,79.008316,154.29314,395.73624,39.963116,-34.07372,362.13913,36.036537,64.26522,361.39624,27.596426
to mix,0.0,0.0,0.0,-4.2016826,-141.69055,3.4778833,5.9173374,156.52077,0.7103801,-101.66938,24.939177,7.5576663,109.12428,21.88335,-8.0603485,-115.8351,228.63937,27.396822,142.56569,236.03961,-0.8917093,-110.55589,399.26355,79.008316,154.29314,395.73624,39.963116,-34.07372,362.13913,36.036537,64.26522,361.39624,27.596426
to mix,0.0,0.0,0.0,-4.1693316,-141.61395,2.9888034,5.9173374,156.52077,0.7103801,-101.66938,24.939177,7.5576663,109.12428,21.88335,-8.0603485,-115.8351,228.63937,27.396822,142.56569,236.03961,-0.8917093,-110.275635,388.8671,76.20151,154.15399,397.32874,41.48251,-33.933414,362.11972,36.178814,64.395256,361.4709,27.893745
to mix,0.0,0.0,0.0,-4.1693316,-141.61395,2.9888034,5.961392,156.59117,0.78573227,-102.085304,27.167406,7.125163,109.24992,21.908821,-7.8109264,-116.50146,229.61244,26.799011,142.67445,236.21773,-0.54432154,-109.78359,389.47638,76.85682,154.48228,397.44058,42.063713,-33.86126,362.27274,36.23389,64.46647,361.57462,28.158188
to mix,0.0,0.0,0.0,-4.0881643,-141.55797,2.7861953,6.0006065,156.56375,0.86642504,-101.52836,26.147581,7.3194265,109.385796,21.926764,-7.5478196,-116.8386,237.52383,27.39557,142.93585,235.53531,-0.20678043,-108.543976,396.63235,79.836945,154.55359,396.8142,42.2261,-33.86126,362.27274,36.23389,64.46647,361.57462,28.158188
to mix,0.0,0.0,0.0,-4.0881643,-141.55797,2.7861953,6.0006065,156.56375,0.86642504,-101.52836,26.147581,7.3194265,109.385796,21.926764,-7.5478196,-116.8386,237.52383,27.39557,142.93585,235.53531,-0.20678043,-108.543976,396.63235,79.836945,154.55359,396.8142,42.2261,-33.7741,362.16315,36.347126,64.532936,361.5652,28.406942
to mix,0.0,0.0,0.0,-4.169321,-141.5246,2.5376916,6.0006065,156.56375,0.86642504,-101.52836,26.147581,7.3194265,109.385796,21.926764,-7.5478196,-116.8386,237.52383,27.39557,142.93585,235.53531,-0.20678043,-108.543976,396.63235,79.836945,154.55359,396.8142,42.2261,-33.7741,362.16315,36.347126,64.532936,361.5652,28.406942
to mix,0.0,0.0,0.0,-4.169321,-141.5246,2.5376916,6.0303917,156.55023,0.9225011,-101.225174,25.647877,7.474971,109.50821,21.957909,-7.2597623,-116.8386,237.52383,27.39557,142.93585,235.53531,-0.20678043,-108.543976,396.63235,79.836945,154.55359,396.8142,42.2261,-33.7741,362.16315,36.347126,64.532936,361.5652,28.406942
to mix,0.0,0.0,0.0,-4.2539043,-141.6014,2.2160053,6.0586386,156.5869,0.98183155,-101.66059,27.16377,6.952679,109.55906,21.967579,-7.0723414,-116.46587,237.9454,27.266645,142.05783,233.4376,2.048111,-105.71917,396.3068,81.872116,154.91533,394.91232,43.135334,-33.663437,362.24908,36.483562,64.64291,361.57507,28.82818
to mix,0.0,0.0,0.0,-4.39459,-141.66222,1.9729257,6.0586386,156.5869,0.98183155,-101.66059,27.16377,6.952679,109.55906,21.967579,-7.0723414,-116.46587,237.9454,27.266645,142.05783,233.4376,2.048111,-105.71917,396.3068,81.872116,154.91533,394.91232,43.135334,-33.663437,362.24908,36.483562,64.64291,361.57507,28.82818
to mix,0.0,0.0,0.0,-4.39459,-141.66222,1.9729257,6.0273514,156.60046,1.0259748,-101.393425,26.372818,7.027197,109.59922,22.027822,-6.8923473,-115.032036,223.52106,27.090572,142.01228,233.64136,2.3584485,-106.9256,383.3034,77.41232,154.99907,395.02255,43.850136,-33.727448,362.31058,36.54323,64.568924,361.54916,28.988564
to mix,0.0,0.0,0.0,-4.39459,-141.66222,1.9729257,6.0273514,156.60046,1.0259748,-101.393425,26.372818,7.027197,109.59922,22.027822,-6.8923473,-115.032036,223.52106,27.090572,142.01228,233.64136,2.3584485,-106.9256,383.3034,77.41232,154.99907,395.02255,43.850136,-33.727448,362.31058,36.54323,64.568924,361.54916,28.988564
to mix,0.0,0.0,0.0,-4.483122,-141.73326,1.8046975,6.0273514,156.60046,1.0259748,-101.393425,26.372818,7.027197,109.59922,22.027822,-6.8923473,-115.032036,223.52106,27.090572,142.01228,233.64136,2.3584485,-106.9256,383.3034,77.41232,154.99907,395.02255,43.850136,-33.727448,362.31058,36.54323,64.568924,361.54916,28.988564
to mix,0.0,0.0,0.0,-4.589344,-141.76274,1.5376687,6.0189805,156.54884,1.1159301,-100.82916,25.168024,7.3717475,109.75351,22.007153,-6.5858483,-114.65506,222.21808,27.417015,141.80972,232.82439,3.6916733,-106.96433,382.13876,77.311264,154.6056,393.93988,46.55931,-33.73486,362.11038,36.676907,64.53358,361.43024,29.295898
to mix,0.0,0.0,0.0,-4.589344,-141.76274,1.5376687,6.0189805,156.54884,1.1159301,-100.82916,25.168024,7.3717475,109.75351,22.007153,-6.5858483,-114.65506,222.21808,27.417015,141.80972,232.82439,3.6916733,-106.96433,382.13876,77.311264,154.6056,393.93988,46.55931,-33.73486,362.11038,36.676907,64.53358,361.43024,29.295898
to mix,0.0,0.0,0.0,-4.589344,-141.76274,1.5376687,6.0189805,156.54884,1.1159301,-100.82916,25.168024,7.3717475,109.75351,22.007153,-6.5858483,-114.65506,222.21808,27.417015,141.80972,232.82439,3.6916733,-106.96433,382.13876,77.311264,154.6056,393.93988,46.55931,-33.73486,362.11038,36.676907,64.53358,361.43024,29.295898
to mix,0.0,0.0,0.0,-4.7123594,-141.7328,1.2681365,6.0322433,156.57677,1.1737585,-101.92949,28.953651,6.22102,109.84158,21.987715,-6.415701,-114.65506,222.21808,27.417015,141.80972,232.82439,3.6916733,-106.96433,382.13876,77.311264,154.6056,393.93988,46.55931,-33.73486,362.11038,36.676907,64.53358,361.43024,29.295898
to mix,0.0,0.0,0.0,-4.7456393,-141.66878,1.2577057,6.0322433,156.57677,1.1737585,-101.92949,28.953651,6.22102,109.84158,21.987715,-6.415701,-114.91817,234.28038,26.721573,141.85364,232.7219,3.905797,-106.27911,392.7927,81.28365,154.41953,393.6593,47.686504,-33.718918,362.21823,36.724724,64.55587,361.45035,29.459703
to mix,0.0,0.0,0.0,-4.7456393,-141.66878,1.2577057,5.989112,156.59415,1.2209058,-101.23068,27.188717,6.7682624,109.91544,22.035942,-6.266415,-114.02128,226.9956,27.757895,141.55426,231.66403,5.2325964,-106.759415,386.5711,78.90693,154.31516,392.68982,48.569702,-33.81017,362.26523,36.780132,64.36127,361.4183,29.660057
to mix,0.0,0.0,0.0,-4.7456393,-141.66878,1.2577057,5.989112,156.59415,1.2209058,-101.23068,27.188717,6.7682624,109.91544,22.035942,-6.266415,-114.02128,226.9956,27.757895,141.55426,231.66403,5.2325964,-106.759415,386.5711,78.90693,154.31516,392.68982,48.569702,-33.81017,362.26523,36.780132,64.36127,361.4183,29.660057
to mix,0.0,0.0,0.0,-4.90062,-141.61583,0.9190798,5.989112,156.59415,1.2209058,-101.23068,27.188717,6.7682624,109.91544,22.035942,-6.266415,-114.02128,226.9956,27.757895,141.55426,231.66403,5.2325964,-106.759415,386.5711,78.90693,154.31516,392.68982,48.569702,-33.81017,362.26523,36.780132,64.36127,361.4183,29.660057
to mix,0.0,0.0,0.0,-4.9735265,-141.63358,0.9108186,5.927278,156.58618,1.2553692,-101.321526,27.7394,6.474948,110.02561,22.019821,-5.986285,-110.425095,222.75226,30.558777,141.40576,230.9351,5.97986,-105.766266,383.2818,78.41551,154.37589,391.9918,49.116863,-33.989796,362.33548,36.666893,64.25688,361.36102,29.930424
to mix,0.0,0.0,0.0,-4.9735265,-141.63358,0.9108186,5.927278,156.58618,1.2553692,-101.321526,27.7394,6.474948,110.02561,22.019821,-5.986285,-110.425095,222.75226,30.558777,141.40576,230.9351,5.97986,-105.766266,383.2818,78.41551,154.37589,391.9918,49.116863,-33.989796,362.33548,36.666893,64.25688,361.36102,29.930424
to mix,0.0,0.0,0.0,-5.1551213,-141.58116,0.82803965,5.927278,156.58618,1.2553692,-101.321526,27.7394,6.474948,110.02561,22.019821,-5.986285,-110.425095,222.75226,30.558777,141.40576,230.9351,5.97986,-105.766266,383.2818,78.41551,154.37589,391.9918,49.116863,-33.989796,362.33548,36.666893,64.25688,361.36102,29.930424
to mix,0.0,0.0,0.0,-5.1551213,-141.58116,0.82803965,5.927278,156.58618,1.2553692,-101.321526,27.7394,6.474948,110.02561,22.019821,-5.986285,-110.425095,222.75226,30.558777,141.40576,230.9351,5.97986,-105.766266,383.2818,78.41551,154.37589,391.9918,49.116863,-33.989796,362.33548,36.666893,64.25688,361.36102,29.930424
to mix,0.0,0.0,0.0,-5.2031345,-141.60025,0.78064203,5.874003,156.56694,1.2623787,-100.84318,26.23822,6.994152,110.128,21.96773,-5.7792544,-112.36552,226.64577,29.026531,141.5231,230.6022,5.993545,-105.39164,386.41946,79.48054,154.18762,391.53503,49.825073,-34.138367,362.3212,36.637104,64.10305,361.2583,30.068779
to mix,0.0,0.0,0.0,-5.3531246,-141.56168,0.78890324,5.8413177,156.58034,1.2917519,-102.134995,29.390635,6.210673,110.113846,21.916615,-5.67261,-112.69295,225.24063,28.89185,141.16928,230.4029,6.5014005,-105.39392,385.07092,79.1188,154.042,391.41367,49.904762,-34.207977,362.37347,36.642776,64.04951,361.27045,30.167747
to mix,0.0,0.0,0.0,-5.3531246,-141.56168,0.78890324,5.8413177,156.58034,1.2917519,-102.134995,29.390635,6.210673,110.113846,21.916615,-5.67261,-112.69295,225.24063,28.89185,141.16928,230.4029,6.5014005,-105.39392,385.07092,79.1188,154.042,391.41367,49.904762,-34.207977,362.37347,36.642776,64.04951,361.27045,30.167747
to mix,0.0,0.0,0.0,-5.486842,-141.60657,0.7758856,5.8413177,156.58034,1.2917519,-102.134995,29.390635,6.210673,110.113846,21.916615,-5.67261,-112.69295,225.24063,28.89185,141.16928,230.4029,6.5014005,-105.39392,385.07092,79.1188,154.042,391.41367,49.904762,-34.207977,362.37347,36.642776,64.04951,361.27045,30.167747
to mix,0.0,0.0,0.0,-5.486842,-141.60657,0.7758856,5.815522,156.56818,1.2928367,-101.84635,28.377611,6.502986,110.15211,21.842138,-5.6020975,-113.39587,220.35876,28.595697,141.3829,230.91776,6.292033,-105.68443,380.53583,77.53657,153.226,391.97287,49.84802,-34.26973,362.36273,36.621918,63.977783,361.23654,30.220234
to mix,0.0,0.0,0.0,-5.580506,-141.49904,0.8075118,5.7659397,156.57841,1.2800694,-101.5042,27.393166,6.781447,110.200226,21.924114,-5.5413485,-113.44189,220.44212,28.58919,141.05502,230.59444,6.586683,-105.76753,380.63547,77.47273,153.2105,391.71198,49.75748,-34.392498,362.3359,36.590706,63.977783,361.23654,30.220234
to mix,0.0,0.0,0.0,-5.580506,-141.49904,0.8075118,5.7659397,156.57841,1.2800694,-101.5042,27.393166,6.781447,110.200226,21.924114,-5.5413485,-113.44189,220.44212,28.58919,141.05502,230.59444,6.586683,-105.76753,380.63547,77.47273,153.2105,391.71198,49.75748,-34.392498,362.3359,36.590706,63.840054,361.3046,30.240513
to mix,0.0,0.0,0.0,-5.691041,-141.51399,0.7967472,5.7659397,156.57841,1.2800694,-101.5042,27.393166,6.781447,110.200226,21.924114,-5.5413485,-113.44189,220.44212,28.58919,141.05502,230.59444,6.586683,-105.76753,380.63547,77.47273,153.2105,391.71198,49.75748,-34.392498,362.3359,36.590706,63.840054,361.3046,30.240513
to mix,0.0,0.0,0.0,-5.879437,-141.40562,0.83897114,5.7448483,156.55736,1.2772322,-101.18259,26.388115,7.216203,110.272865,21.875349,-5.4617405,-113.38646,220.44849,28.61272,140.94923,230.45132,6.67547,-105.95874,380.71127,77.26003,153.13812,391.59897,49.6994,-34.38519,362.34616,36.604725,63.8406,361.29694,30.271471
to mix,0.0,0.0,0.0,-5.879437,-141.40562,0.83897114,5.7448483,156.55736,1.2772322,-101.18259,26.388115,7.216203,110.272865,21.875349,-5.4617405,-114.71104,235.48633,28.822422,141.0385,230.4424,6.4931393,-105.95874,380.71127,77.26003,153.13812,391.59897,49.6994,-34.38519,362.34616,36.604725,63.8406,361.29694,30.271471
to mix,0.0,0.0,0.0,-5.879437,-141.40562,0.83897114,5.7448483,156.55736,1.2772322,-101.18259,26.388115,7.216203,110.272865,21.875349,-5.4617405,-114.71104,235.48633,28.822422,141.0385,230.4424,6.4931393,-104.863945,394.39008,81.77832,153.13812,391.59897,49.6994,-34.38519,362.34616,36.604725,63.8406,361.29694,30.271471
to mix,0.0,0.0,0.0,-6.176653,-141.33687,0.84130764,5.766075,156.53398,1.2723923,-101.103165,26.144722,7.287216,110.3535,21.829819,-5.4024935,-114.10961,239.75795,29.632019,141.02666,230.187,6.5114975,-104.81323,398.5414,83.01826,152.93689,391.59448,49.599182,-34.44244,362.27295,36.572433,63.766724,361.25406,30.303932
to mix,0.0,0.0,0.0,-6.176653,-141.33687,0.84130764,5.766075,156.53398,1.2723923,-101.103165,26.144722,7.287216,110.3535,21.829819,-5.4024935,-114.10961,239.75795,29.632019,141.02666,230.187,6.5114975,-104.81323,398.5414,83.01826,152.93689,391.59448,49.599182,-34.44244,362.27295,36.572433,63.766724,361.25406,30.303932
to mix,0.0,0.0,0.0,-6.176653,-141.33687,0.84130764,5.766075,156.53398,1.2723923,-101.103165,26.144722,7.287216,110.3535,21.829819,-5.4024935,-114.10961,239.75795,29.632019,141.02666,230.187,6.5114975,-104.81323,398.5414,83.01826,152.91238,391.36087,49.527752,-34.389324,362.24353,36.57268,63.816677,361.18875,30.32279
to mix,0.0,0.0,0.0,-6.614851,-141.2573,1.1039138,5.6706696,156.46996,1.2690544,-101.046455,25.628778,7.453525,110.41681,21.73423,-5.340576,-115.2271,238.30548,29.947615,140.14713,231.04112,7.228303,-105.80302,397.4834,81.93003,153.14105,392.2271,49.749302,-34.6054,362.10974,36.569595,63.556503,361.06033,30.425179
to mix,0.0,0.0,0.0,-6.6891394,-141.14772,1.2857437,5.6706696,156.46996,1.2690544,-100.98417,25.352383,7.5615883,110.49462,21.737059,-5.3031087,-115.96444,245.39766,31.748558,139.95796,229.07231,7.0164323,-109.41081,405.2703,81.40882,152.94574,390.2518,49.63223,-34.66084,362.01007,36.602722,63.509308,361.0411,30.433023
to mix,0.0,0.0,0.0,-6.6891394,-141.14772,1.2857437,5.7035317,156.46718,1.2792349,-100.852745,25.085207,7.716465,110.6239,21.744646,-5.2815795,-116.00823,245.84889,31.615793,139.9639,228.92847,7.1446896,-109.18397,405.5252,81.98251,153.024,390.115,49.704327,-34.556355,362.02127,36.64211,63.56791,361.02695,30.459558
to mix,0.0,0.0,0.0,-6.6891394,-141.14772,1.2857437,5.7035317,156.46718,1.2792349,-100.852745,25.085207,7.716465,110.6239,21.744646,-5.2815795,-116.00823,245.84889,31.615793,139.9639,228.92847,7.1446896,-109.18397,405.5252,81.98251,153.024,390.115,49.704327,-34.556355,362.02127,36.64211,63.56791,361.02695,30.459558
to mix,0.0,0.0,0.0,-7.079163,-141.07155,1.4283538,5.7035317,156.46718,1.2792349,-100.852745,25.085207,7.716465,110.6239,21.744646,-5.2815795,-116.00823,245.84889,31.615793,139.9639,228.92847,7.1446896,-109.18397,405.5252,81.98251,153.024,390.115,49.704327,-34.556355,362.02127,36.64211,63.56791,361.02695,30.459558
to mix,0.0,0.0,0.0,-7.079163,-141.07155,1.4283538,5.6871505,156.46384,1.2875795,-100.84514,24.958666,7.7944875,110.6239,21.744646,-5.2815795,-116.00823,245.84889,31.615793,139.9639,228.92847,7.1446896,-109.18397,405.5252,81.98251,153.024,390.115,49.704327,-34.556355,362.02127,36.64211,63.56791,361.02695,30.459558
to mix,0.0,0.0,0.0,-7.5389066,-140.73181,1.8228054,5.687682,156.45497,1.2959242,-100.68012,24.74325,7.8995466,110.82595,21.705593,-5.259049,-116.86524,229.57645,28.908957,138.79012,229.9663,8.078205,-107.22419,389.2195,79.33167,153.43692,391.09973,50.196243,-34.57594,361.9372,36.717297,63.53749,361.04565,30.585312
to mix,0.0,0.0,0.0,-7.8848863,-140.62029,2.105856,5.6533127,156.46841,1.3030171,-100.671234,24.612343,7.961464,110.31142,22.046774,-5.2678943,-120.82983,225.23433,26.612926,138.83499,229.03378,7.7700377,-106.894806,384.26263,78.36845,153.39975,390.15054,50.03269,-34.649143,361.99274,36.750675,63.445065,361.06375,30.625952
to mix,0.0,0.0,0.0,-7.8848863,-140.62029,2.105856,5.6533127,156.46841,1.3030171,-100.671234,24.612343,7.961464,110.31142,22.046774,-5.2678943,-120.82983,225.23433,26.612926,138.83499,229.03378,7.7700377,-106.894806,384.26263,78.36845,153.39975,390.15054,50.03269,-34.649143,361.99274,36.750675,63.445065,361.06375,30.625952
to mix,0.0,0.0,0.0,-7.8848863,-140.62029,2.105856,5.6533127,156.46841,1.3030171,-100.671234,24.612343,7.961464,110.31142,22.046774,-5.2678943,-120.82983,225.23433,26.612926,138.83499,229.03378,7.7700377,-106.894806,384.26263,78.36845,153.39975,390.15054,50.03269,-34.649143,361.99274,36.750675,63.445065,361.06375,30.625952
to mix,0.0,0.0,0.0,-8.103693,-140.36958,2.3123026,5.7106404,156.48923,1.3011813,-103.14236,27.502773,7.694185,110.39993,22.042274,-5.2778244,-119.29245,228.96912,27.377628,138.12537,230.08951,8.247685,-106.98364,388.03342,79.35629,153.33563,390.94894,51.40388,-34.549908,362.07797,36.75009,63.571148,361.1274,30.69955
to mix,0.0,0.0,0.0,-8.229181,-140.35281,2.4942994,5.740311,156.55576,1.3055205,-104.30393,30.202263,7.9158187,109.99065,22.296864,-5.1455617,-115.84818,235.12682,29.608822,138.27634,229.78159,8.205044,-109.89705,394.89996,79.98055,153.33563,390.94894,51.40388,-34.549908,362.07797,36.75009,63.571148,361.1274,30.69955
to mix,0.0,0.0,0.0,-8.229181,-140.35281,2.4942994,5.740311,156.55576,1.3055205,-104.30393,30.202263,7.9158187,109.99065,22.296864,-5.1455617,-115.84818,235.12682,29.608822,138.27634,229.78159,8.205044,-109.89705,394.89996,79.98055,153.95834,390.64404,51.14144,-34.55892,362.4272,36.74934,63.672565,361.22647,30.764055
to mix,0.0,0.0,0.0,-8.355572,-140.29893,2.684307,5.7462254,156.53587,1.325047,-103.58585,28.96002,8.197951,110.09706,22.238358,-5.1431417,-115.27815,233.96892,29.950369,137.862,229.8563,8.536827,-108.89585,393.696,80.47364,153.4494,390.72302,51.495422,-34.540234,362.37482,36.80625,63.69681,361.17703,30.828976
to mix,0.0,0.0,0.0,-8.355572,-140.29893,2.684307,5.7462254,156.53587,1.325047,-103.58585,28.96002,8.197951,110.09706,22.238358,-5.1431417,-115.27815,233.96892,29.950369,137.862,229.8563,8.536827,-108.89585,393.696,80.47364,153.4494,390.72302,51.495422,-34.540234,362.37482,36.80625,63.69681,361.17703,30.828976
to mix,0.0,0.0,0.0,-8.554972,-140.3174,2.9766202,5.5670967,156.50449,1.3642669,-103.58585,28.96002,8.197951,110.09706,22.238358,-5.1431417,-115.27815,233.96892,29.950369,137.862,229.8563,8.536827,-108.89585,393.696,80.47364,153.4494,390.72302,51.495422,-34.540234,362.37482,36.80625,63.69681,361.17703,30.828976
to mix,0.0,0.0,0.0,-8.554972,-140.3174,2.9766202,5.5670967,156.50449,1.3642669,-102.99503,27.737335,8.334219,110.287445,22.180622,-5.1537395,-114.243286,234.36226,30.729591,137.65926,229.19789,8.848,-108.16375,394.0802,81.314026,153.37328,390.1286,51.468052,-34.96042,362.19742,36.87301,63.182484,361.12714,31.024242
to mix,0.0,0.0,0.0,-8.637115,-140.22183,3.2844543,5.6326494,156.49074,1.3832092,-102.99503,27.737335,8.334219,110.287445,22.180622,-5.1537395,-114.243286,234.36226,30.729591,137.65926,229.19789,8.848,-108.16375,394.0802,81.314026,153.37328,390.1286,51.468052,-34.96042,362.19742,36.87301,63.182484,361.12714,31.024242
to mix,0.0,0.0,0.0,-8.637115,-140.22183,3.2844543,5.6326494,156.49074,1.3832092,-102.51557,26.954937,8.463144,110.44924,22.165258,-5.18353,-114.31122,234.25398,30.698132,137.84267,229.1732,8.80369,-109.36517,394.01953,81.22224,153.65024,390.13327,51.241158,-34.817276,362.15106,36.933754,63.182484,361.12714,31.024242
to mix,0.0,0.0,0.0,-8.729761,-140.27472,3.3497095,5.6326494,156.49074,1.3832092,-102.51557,26.954937,8.463144,110.44924,22.165258,-5.18353,-114.31122,234.25398,30.698132,137.84267,229.1732,8.80369,-109.36517,394.01953,81.22224,153.65024,390.13327,51.241158,-34.817276,362.15106,36.933754,63.307034,361.1164,31.073475
to mix,0.0,0.0,0.0,-8.729761,-140.27472,3.3497095,5.6326494,156.49074,1.3832092,-102.51557,26.954937,8.463144,110.44924,22.165258,-5.18353,-114.31122,234.25398,30.698132,137.84267,229.1732,8.80369,-109.36517,394.01953,81.22224,153.65024,390.13327,51.241158,-34.817276,362.15106,36.933754,63.307034,361.1164,31.073475
to mix,0.0,0.0,0.0,-8.729761,-140.27472,3.3497095,5.656244,156.47923,1.3722777,-102.51557,26.954937,8.463144,110.44924,22.165258,-5.18353,-114.31122,234.25398,30.698132,137.84267,229.1732,8.80369,-109.36517,394.01953,81.22224,153.65024,390.13327,51.241158,-34.817276,362.15106,36.933754,63.307034,361.1164,31.073475
to mix,0.0,0.0,0.0,-8.729761,-140.27472,3.3497095,5.656244,156.47923,1.3722777,-102.329124,26.64236,8.450627,110.5096,22.108124,-5.2174926,-115.03674,233.95581,30.358923,137.84267,229.1732,8.80369,-109.36517,394.01953,81.22224,153.65024,390.13327,51.241158,-34.817276,362.15106,36.933754,63.307034,361.1164,31.073475
to mix,0.0,0.0,0.0,-8.895528,-140.17691,3.6566257,5.694932,156.47896,1.3929725,-102.329124,26.64236,8.450627,110.5096,22.108124,-5.2174926,-115.03674,233.95581,30.358923,137.91408,228.88936,8.482003,-109.2745,393.3115,82.33216,153.74736,389.78555,51.21579,-34.769268,362.1796,36.908554,63.36629,361.06488,31.057621
to mix,0.0,0.0,0.0,-8.980831,-140.1214,3.7916422,5.7770953,156.48254,1.4464617,-102.00224,26.077631,8.41049,110.57275,22.084497,-5.214739,-119.04137,229.03952,29.337204,138.435,229.16414,8.118677,-108.921875,388.02823,82.080986,154.12364,389.78998,52.153732,-34.678616,362.2345,36.974644,63.462418,361.03952,31.157757
to mix,0.0,0.0,0.0,-8.980831,-140.1214,3.7916422,5.7770953,156.48254,1.4464617,-102.00224,26.077631,8.41049,110.66789,22.043207,-5.28183,-122.26386,240.59007,29.731905,138.435,229.16414,8.118677,-108.921875,388.02823,82.080986,154.12364,389.78998,52.153732,-34.678616,362.2345,36.974644,63.462418,361.03952,31.157757
to mix,0.0,0.0,0.0,-9.384206,-139.74323,4.358244,6.0854716,156.48415,1.8747926,-109.454254,35.763466,5.2974343,111.61072,22.081081,-6.09318,-155.9581,195.70645,8.497024,175.26494,171.65945,-32.42589,-120.43504,332.83524,102.69277,162.02628,315.0935,57.588184,-33.451466,363.03226,38.475513,64.92735,360.3724,33.21855
to mix,0.0,0.0,0.0,-9.209526,-139.80394,4.73125,6.0854716,156.48415,1.8747926,-109.454254,35.763466,5.2974343,111.61072,22.081081,-6.09318,-155.9581,195.70645,8.497024,175.26494,171.65945,-32.42589,-120.43504,332.83524,102.69277,162.02628,315.0935,57.588184,-33.451466,363.03226,38.475513,64.92735,360.3724,33.21855
to mix,0.0,0.0,0.0,-9.209526,-139.80394,4.73125,6.070749,156.25412,2.059877,-110.24111,35.756695,4.964566,112.29223,21.026197,-7.8357935,-179.62773,186.34268,1.0802984,200.03777,154.44388,-44.404972,-121.427055,304.86264,109.67499,159.51108,287.68765,53.80547,-33.436947,362.29333,39.036022,64.91271,359.61603,33.612667
to mix,0.0,0.0,0.0,-9.115998,-139.49655,4.832053,6.0687566,155.9951,2.2367,-112.07014,35.635517,4.171574,112.44368,21.032082,-8.065772,-187.07724,183.30643,-0.8878708,201.87871,153.03404,-45.393646,-121.07597,298.0979,107.376625,156.47406,280.62097,58.493996,-33.499115,361.68085,39.45459,64.93053,358.95367,33.88145
to mix,0.0,0.0,0.0,-9.115998,-139.49655,4.832053,6.0687566,155.9951,2.2367,-112.07014,35.635517,4.171574,112.44368,21.032082,-8.065772,-187.07724,183.30643,-0.8878708,201.87871,153.03404,-45.393646,-121.07597,298.0979,107.376625,156.47406,280.62097,58.493996,-33.499115,361.68085,39.45459,64.93053,358.95367,33.88145
to mix,0.0,0.0,0.0,-9.115998,-139.49655,4.832053,6.0687566,155.9951,2.2367,-112.07014,35.635517,4.171574,112.44368,21.032082,-8.065772,-187.07724,183.30643,-0.8878708,201.87871,153.03404,-45.393646,-121.07597,298.0979,107.376625,156.47406,280.62097,58.493996,-33.499115,361.68085,39.45459,64.93053,358.95367,33.88145
to mix,0.0,0.0,0.0,-8.921329,-139.44185,4.970324,6.1579866,155.61945,2.386403,-112.99501,35.02999,3.3631444,112.640076,20.593168,-8.247936,-187.07724,183.30643,-0.8878708,201.87871,153.03404,-45.393646,-121.07597,298.0979,107.376625,156.47406,280.62097,58.493996,-33.499115,361.68085,39.45459,64.93053,358.95367,33.88145
to mix,0.0,0.0,0.0,-9.075272,-138.90675,4.6790957,6.2600784,155.43007,2.0789862,-114.199165,34.663322,1.9794345,112.57949,20.877241,-9.157169,-205.52681,172.21887,-6.3810706,213.60497,141.24022,-53.216003,-121.646034,274.39053,102.58062,161.6162,253.10239,65.725136,-32.949436,360.24973,39.130817,65.50244,357.23282,33.298157
to mix,0.0,0.0,0.0,-9.075272,-138.90675,4.6790957,6.2600784,155.43007,2.0789862,-114.199165,34.663322,1.9794345,112.57949,20.877241,-9.157169,-205.52681,172.21887,-6.3810706,213.60497,141.24022,-53.216003,-121.646034,274.39053,102.58062,161.6162,253.10239,65.725136,-32.949436,360.24973,39.130817,65.50244,357.23282,33.298157
to mix,0.0,0.0,0.0,-8.875907,-138.94011,5.030489,6.2600784,155.43007,2.0789862,-114.199165,34.663322,1.9794345,112.57949,20.877241,-9.157169,-205.52681,172.21887,-6.3810706,213.60497,141.24022,-53.216003,-121.646034,274.39053,102.58062,161.6162,253.10239,65.725136,-32.949436,360.24973,39.130817,65.50244,357.23282,33.298157
to mix,0.0,0.0,0.0,-8.875907,-138.94011,5.030489,6.375542,155.18596,2.1175385,-114.55198,33.553947,1.5491843,113.29717,19.567642,-11.003089,-206.96443,170.49591,-6.088507,213.78539,141.33011,-53.05128,-134.61916,271.0831,112.57426,177.9785,257.39572,67.7952,-32.509647,359.56348,39.167118,65.94539,356.4415,33.35073
to mix,0.0,0.0,0.0,-8.875907,-138.94011,5.030489,6.375542,155.18596,2.1175385,-114.55198,33.553947,1.5491843,113.29717,19.567642,-11.003089,-206.96443,170.49591,-6.088507,213.78539,141.33011,-53.05128,-134.61916,271.0831,112.57426,177.9785,257.39572,67.7952,-32.509647,359.56348,39.167118,65.94539,356.4415,33.35073
to mix,0.0,0.0,0.0,-8.73919,-138.90323,5.1995516,6.3700714,155.17259,2.1348119,-114.55198,33.553947,1.5491843,113.29717,19.567642,-11.003089,-206.96443,170.49591,-6.088507,213.78539,141.33011,-53.05128,-134.61916,271.0831,112.57426,177.9785,257.39572,67.7952,-32.509647,359.56348,39.167118,65.94539,356.4415,33.35073
to mix,0.0,0.0,0.0,-8.73919,-138.90323,5.1995516,6.3700714,155.17259,2.1348119,-114.75052,33.815903,1.431191,113.31908,19.51833,-10.964787,-207.46472,170.72952,-4.979253,211.50519,144.6656,-49.51632,-142.99783,276.37015,113.72456,182.59949,266.7283,66.88605,-32.548836,359.5249,39.16887,65.92052,356.4631,33.402718
to mix,0.0,0.0,0.0,-8.550784,-138.88884,5.3186297,6.3700714,155.17259,2.1348119,-114.75052,33.815903,1.431191,113.31908,19.51833,-10.964787,-207.46472,170.72952,-4.979253,211.50519,144.6656,-49.51632,-142.99783,276.37015,113.72456,182.59949,266.7283,66.88605,-32.548836,359.5249,39.16887,65.92052,356.4631,33.402718
to mix,0.0,0.0,0.0,-8.385043,-138.67102,5.4413795,6.3814306,155.17941,2.1401525,-115.069534,35.139515,1.2731433,113.50532,19.62619,-11.290895,-207.61778,172.3887,-3.406036,206.96751,149.95859,-45.65542,-143.58089,278.95157,114.6585,187.59755,277.57504,63.305355,-32.5573,359.5719,39.163948,65.91844,356.5546,33.413982
to mix,0.0,0.0,0.0,-8.385043,-138.67102,5.4413795,6.3814306,155.17941,2.1401525,-115.069534,35.139515,1.2731433,113.50532,19.62619,-11.290895,-207.61778,172.3887,-3.406036,206.96751,149.95859,-45.65542,-143.58089,278.95157,114.6585,189.41843,280.7227,62.718475,-32.54821,359.5861,39.149593,65.92641,356.5623,33.416653
to mix,0.0,0.0,0.0,-8.259686,-138.59612,5.555618,6.407648,155.16435,2.1368146,-115.209435,35.085766,1.0293126,113.51457,19.642336,-11.189926,-208.53867,171.63449,-4.8564196,207.0654,149.1043,-47.686172,-130.35439,265.00302,116.190575,188.99506,279.3795,61.231377,-32.505753,359.62137,39.095604,65.96297,356.55594,33.405052
to mix,0.0,0.0,0.0,-8.104569,-138.43837,5.1171064,6.46846,155.13617,1.7242551,-115.15194,35.42205,0.23765564,113.44306,19.689865,-11.815524,-209.64575,170.82814,-7.8408837,207.41087,147.28003,-52.171753,-121.79244,263.06238,107.12887,188.12326,277.10864,57.109787,-32.476315,359.66324,38.322975,66.08605,356.4996,32.70769
to mix,0.0,0.0,0.0,-8.104569,-138.43837,5.1171064,6.46846,155.13617,1.7242551,-115.15194,35.42205,0.23765564,113.44306,19.689865,-11.815524,-209.64575,170.82814,-7.8408837,207.41087,147.28003,-52.171753,-121.79244,263.06238,107.12887,188.12326,277.10864,57.109787,-32.476315,359.66324,38.322975,66.08605,356.4996,32.70769
to mix,0.0,0.0,0.0,-8.104569,-138.43837,5.1171064,6.46846,155.13617,1.7242551,-115.15194,35.42205,0.23765564,113.44306,19.689865,-11.815524,-209.64575,170.82814,-7.8408837,207.41087,147.28003,-52.171753,-121.79244,263.06238,107.12887,188.12326,277.10864,57.109787,-32.476315,359.66324,38.322975,66.08605,356.4996,32.70769
to mix,0.0,0.0,0.0,-7.871764,-138.41508,5.3510904,6.46846,155.13617,1.7242551,-115.15194,35.42205,0.23765564,113.44306,19.689865,-11.815524,-209.64575,170.82814,-7.8408837,207.41087,147.28003,-52.171753,-121.79244,263.06238,107.12887,188.12326,277.10864,57.109787,-32.476315,359.66324,38.322975,66.08605,356.4996,32.70769
to mix,0.0,0.0,0.0,-7.871764,-138.41508,5.3510904,6.556512,155.04747,1.75246,-115.126366,35.596817,0.2015233,113.08699,18.000647,-12.909424,-209.44832,171.00392,-8.616519,206.71,145.69987,-53.649925,-121.86141,263.04828,106.7219,188.13481,276.63174,54.355133,-32.476315,359.66324,38.322975,66.08605,356.4996,32.70769
to mix,0.0,0.0,0.0,-7.808522,-138.38377,5.4503083,6.5599174,155.03674,1.7665625,-115.0822,35.867805,0.19818544,113.15158,18.088818,-12.842834,-209.47853,171.16113,-8.975172,206.75993,145.73709,-53.723694,-121.868484,266.04492,103.8808,188.37196,277.20236,53.61997,-32.21313,359.52045,38.37104,66.38903,356.17664,32.77862
to mix,0.0,0.0,0.0,-7.808522,-138.38377,5.4503083,6.5599174,155.03674,1.7665625,-115.0822,35.867805,0.19818544,113.15158,18.088818,-12.842834,-209.47853,171.16113,-8.975172,206.75993,145.73709,-53.723694,-121.868484,266.04492,103.8808,188.37196,277.20236,53.61997,-32.21313,359.52045,38.37104,66.38903,356.17664,32.77862
to mix,0.0,0.0,0.0,-7.590336,-138.21324,5.594671,6.551197,155.0307,1.7880917,-115.19737,35.829945,0.13768673,113.23434,18.14697,-13.330328,-208.51645,171.80365,-9.477019,206.48314,146.28754,-53.668285,-122.19539,268.76303,102.52938,187.06609,277.62415,53.654434,-32.243668,359.50354,38.404835,66.34476,356.1914,32.81175
to mix,0.0,0.0,0.0,-7.5527587,-138.2232,5.702734,6.5425553,154.97751,1.8119574,-115.19737,35.829945,0.13768673,113.23434,18.14697,-13.330328,-208.51645,171.80365,-9.477019,206.48314,146.28754,-53.668285,-122.19539,268.76303,102.52938,187.06609,277.62415,53.654434,-32.243668,359.50354,38.404835,66.34476,356.1914,32.81175
to mix,0.0,0.0,0.0,-7.588698,-138.20032,5.809045,6.585316,154.8266,1.9095898,-115.33285,35.444836,-0.08019209,113.25595,18.045639,-13.546371,-207.53915,171.949,-11.07285,206.181,146.37717,-53.98905,-122.825134,268.97424,102.13343,187.41173,277.5546,53.658104,-32.202137,358.6478,38.975025,66.43251,355.74377,32.994663
to mix,0.0,0.0,0.0,-7.588698,-138.20032,5.809045,6.585316,154.8266,1.9095898,-115.33285,35.444836,-0.08019209,113.25595,18.045639,-13.546371,-207.53915,171.949,-11.07285,206.181,146.37717,-53.98905,-122.825134,268.97424,102.13343,187.41173,277.5546,53.658104,-32.202137,358.6478,38.975025,66.43251,355.74377,32.994663
to mix,0.0,0.0,0.0,-7.5231714,-138.15219,5.8231473,6.585316,154.8266,1.9095898,-115.33285,35.444836,-0.08019209,113.25595,18.045639,-13.546371,-207.53915,171.949,-11.07285,206.181,146.37717,-53.98905,-122.825134,268.97424,102.13343,187.41173,277.5546,53.658104,-32.202137,358.6478,38.975025,66.43251,355.74377,32.994663
to mix,0.0,0.0,0.0,-7.5231714,-138.15219,5.8231473,6.603106,154.82187,1.9482255,-115.260666,35.64929,-0.079107285,113.24836,18.222094,-13.344765,-207.37436,172.1025,-11.694193,206.21724,146.2464,-54.43157,-123.05716,269.11423,101.8291,187.63351,277.24185,53.48537,-32.204224,358.6555,39.05096,66.43251,355.74377,32.994663
to mix,0.0,0.0,0.0,-7.537733,-138.17688,5.9119344,6.602063,154.74155,2.0269156,-115.715225,35.74452,-0.30007362,112.96881,18.14444,-13.628065,-206.97818,172.6478,-12.576807,205.53888,146.48358,-54.65696,-126.927864,269.70618,104.05261,188.57967,277.4907,53.515244,-32.2198,358.48016,39.342022,66.48693,355.62225,33.179497
to mix,0.0,0.0,0.0,-7.537733,-138.17688,5.9119344,6.602063,154.74155,2.0269156,-115.715225,35.74452,-0.30007362,112.96881,18.14444,-13.628065,-206.97818,172.6478,-12.576807,205.53888,146.48358,-54.65696,-126.927864,269.70618,104.05261,188.57967,277.4907,53.515244,-32.2198,358.48016,39.342022,66.48693,355.62225,33.179497
to mix,0.0,0.0,0.0,-7.537733,-138.17688,5.9119344,6.602063,154.74155,2.0269156,-115.715225,35.74452,-0.30007362,112.96881,18.14444,-13.628065,-206.97818,172.6478,-12.576807,205.53888,146.48358,-54.65696,-126.927864,269.70618,104.05261,188.57967,277.4907,53.515244,-32.2198,358.48016,39.342022,66.48693,355.62225,33.179497
to mix,0.0,0.0,0.0,-7.582617,-138.10446,5.995381,6.602063,154.74155,2.0269156,-115.715225,35.74452,-0.30007362,112.96881,18.14444,-13.628065,-206.97818,172.6478,-12.576807,205.53888,146.48358,-54.65696,-126.927864,269.70618,104.05261,188.57967,277.4907,53.515244,-32.2198,358.48016,39.342022,66.48693,355.62225,33.179497
to mix,0.0,0.0,0.0,-7.582617,-138.10446,5.995381,6.593802,154.7204,2.050531,-115.864716,35.733047,-0.44935942,112.93685,18.246752,-13.436974,-206.54176,172.97633,-13.007557,205.0698,146.79208,-54.716873,-128.48256,269.87503,105.143425,188.75862,277.69574,53.688396,-32.27908,358.43927,39.413704,66.48693,355.62225,33.179497
to mix,0.0,0.0,0.0,-7.6817408,-138.11444,6.1188817,6.591773,154.68478,2.1026015,-115.86428,35.871925,-0.43951273,112.83877,18.01706,-13.845194,-206.27371,173.24864,-13.229108,204.60362,147.0068,-54.70494,-129.47379,269.93588,105.94977,188.68515,277.74753,53.967606,-32.341496,358.29776,39.56157,66.43702,355.55228,33.34088
to mix,0.0,0.0,0.0,-7.6817408,-138.11444,6.1188817,6.591773,154.68478,2.1026015,-115.86428,35.871925,-0.43951273,112.83877,18.01706,-13.845194,-206.27371,173.24864,-13.229108,204.60362,147.0068,-54.70494,-129.47379,269.93588,105.94977,188.68515,277.74753,53.9676