Stim,SpineShoulderX,SpineShoulderY,SpineShoulderZ,HeadX,HeadY,HeadZ,SpineMidX,SpineMidY,SpineMidZ,ShoulderLeftX,ShoulderLeftY,ShoulderLeftZ,ShoulderRightX,ShoulderRightY,ShoulderRightZ,ElbowLeftX,ElbowLeftY,ElbowLeftZ,ElbowRightX,ElbowRightY,ElbowRightZ,WristLeftX,WristLeftY,WristLeftZ,WristRightX,WristRightY,WristRightZ,HipLeftX,HipLeftY,HipLeftZ,HipRightX,HipRightY,HipRightZ,
to row,0.0,0.0,0.0,-2.6123188,-137.98238,10.792887,0.670065,156.48035,2.1842957,-102.781685,28.554716,-5.8177233,112.01467,26.320206,13.125634,-89.30616,229.99458,40.975655,151.84338,193.33646,29.039215,-113.67211,391.54742,72.45117,130.99184,348.48914,91.25084,-47.32707,361.5122,32.468033,51.243286,361.77008,40.826954
to row,0.0,0.0,0.0,-2.4783037,-138.04663,11.0957985,0.85451305,156.58835,2.1567583,-102.89805,28.570753,-5.603266,113.2585,27.011461,11.405718,-89.48016,230.07826,41.19145,152.46487,195.63843,24.577581,-113.85589,391.89078,71.9137,150.45746,357.11908,69.28622,-45.9287,361.9813,33.221138,51.907005,362.18103,40.24099
to row,0.0,0.0,0.0,-2.4063416,-137.97661,11.313927,1.020363,156.70078,2.1489978,-103.0279,28.598734,-5.393648,113.062096,26.787224,11.24692,-89.486404,230.52773,41.381454,152.43507,199.68614,19.725668,-113.93532,392.35385,71.892914,153.37207,361.853,61.0906,-45.201008,362.44696,33.55117,53.473686,363.06967,39.14676
to row,0.0,0.0,0.0,-2.3092463,-137.87807,11.86968,1.2621857,156.78233,2.0975947,-103.04046,28.490665,-5.071962,112.83877,26.557001,10.918808,-88.99632,231.12515,42.391075,151.73058,203.18677,12.495363,-114.11033,392.9696,71.939644,154.31071,366.98712,44.06059,-45.201008,362.44696,33.55117,53.473686,363.06967,39.14676
to row,0.0,0.0,0.0,-2.2000828,-137.71445,12.19145,1.5993721,156.86015,2.0461917,-103.20511,28.554747,-4.965985,112.61019,26.36923,10.578096,-91.22553,218.4024,43.447758,151.02695,207.17392,6.263995,-103.029854,380.4499,82.24729,154.06407,370.40176,41.36468,-43.164555,362.92612,34.15524,54.362843,363.25647,38.458073
to row,0.0,0.0,0.0,-2.1399438,-137.69777,12.620867,1.828052,156.87413,2.006638,-103.32784,28.652985,-4.8151135,112.31409,25.872942,10.271597,-91.22553,218.4024,43.447758,151.02695,207.17392,6.263995,-103.029854,380.4499,82.24729,154.06407,370.40176,41.36468,-43.164555,362.92612,34.15524,55.61047,363.33875,37.68611
to row,0.0,0.0,0.0,-2.1399438,-137.69777,12.620867,1.828052,156.87413,2.006638,-103.32784,28.652985,-4.8151135,112.31409,25.872942,10.271597,-88.13697,222.86906,43.864655,149.58006,211.55313,2.236116,-111.35542,384.68045,76.18082,154.27167,374.57684,38.124786,-42.493317,362.91168,34.33573,56.283993,363.26022,37.237
to row,0.0,0.0,0.0,-2.1399438,-137.69777,12.620867,1.828052,156.87413,2.006638,-103.32784,28.652985,-4.8151135,112.31409,25.872942,10.271597,-88.13697,222.86906,43.864655,149.58006,211.55313,2.236116,-111.35542,384.68045,76.18082,154.27167,374.57684,38.124786,-42.493317,362.91168,34.33573,56.283993,363.26022,37.237
to row,0.0,0.0,0.0,-2.1077805,-137.72609,12.963163,1.828052,156.87413,2.006638,-103.32784,28.652985,-4.8151135,112.31409,25.872942,10.271597,-88.13697,222.86906,43.864655,149.58006,211.55313,2.236116,-111.35542,384.68045,76.18082,154.27167,374.57684,38.124786,-42.493317,362.91168,34.33573,56.283993,363.26022,37.237
to row,0.0,0.0,0.0,-4.327275,-138.96425,9.345758,2.1598198,156.94843,1.9312024,-102.93731,29.808395,-1.4458776,111.82862,25.234484,9.8027115,-89.436325,214.61673,44.73133,146.21082,222.58162,-5.161917,-103.71555,377.12466,79.786285,154.63162,384.4459,35.711266,-41.51545,363.2264,34.57172,57.391094,363.24112,36.257923
to row,0.0,0.0,0.0,-4.327275,-138.96425,9.345758,2.1598198,156.94843,1.9312024,-102.93731,29.808395,-1.4458776,111.82862,25.234484,9.8027115,-89.436325,214.61673,44.73133,146.21082,222.58162,-5.161917,-103.71555,377.12466,79.786285,154.63162,384.4459,35.711266,-41.51545,363.2264,34.57172,57.391094,363.24112,36.257923
to row,0.0,0.0,0.0,-3.9936087,-138.91232,9.808803,1.4728464,156.37708,-0.73741674,-105.28619,28.724253,-5.6325555,109.000656,23.583864,5.347419,-90.33968,219.90176,39.56449,143.00258,223.98965,-12.189031,-111.64435,381.9439,72.181725,152.44835,385.69528,29.098629,-43.442364,362.18085,30.471825,55.536892,362.0237,31.57649
to row,0.0,0.0,0.0,-3.9936087,-138.91232,9.808803,1.4728464,156.37708,-0.73741674,-105.12111,28.842813,-5.4845214,108.73023,23.153807,5.304277,-102.0354,191.07571,47.33219,142.81258,224.03963,-12.941217,-100.98293,355.59543,73.89989,146.44768,386.61252,25.14627,-42.754093,362.24887,30.717909,56.36634,361.84268,31.255304
to row,0.0,0.0,0.0,-3.9936087,-138.91232,9.808803,1.4728464,156.37708,-0.73741674,-105.12111,28.842813,-5.4845214,108.73023,23.153807,5.304277,-102.0354,191.07571,47.33219,142.81258,224.03963,-12.941217,-100.98293,355.59543,73.89989,146.44768,386.61252,25.14627,-42.754093,362.24887,30.717909,56.36634,361.84268,31.255304
to row,0.0,0.0,0.0,-5.0603733,-139.57004,8.270216,1.290328,156.10974,-1.687789,-106.38773,28.336649,-7.234645,107.16354,22.314064,3.2512426,-97.38235,196.9817,42.030083,142.81258,224.03963,-12.941217,-100.98293,355.59543,73.89989,146.44768,386.61252,25.14627,-42.754093,362.24887,30.717909,56.36634,361.84268,31.255304
to row,0.0,0.0,0.0,-4.5240936,-139.52718,8.982515,1.7379194,156.11765,-1.2215734,-105.9903,28.234108,-6.50357,107.16354,22.314064,3.2512426,-97.38235,196.9817,42.030083,140.73221,217.70496,-19.12577,-102.15965,360.71146,73.747765,145.09077,380.12048,19.909334,-43.481888,361.5951,29.14778,55.728245,361.2877,28.758335
to row,0.0,0.0,0.0,-4.1252146,-139.41286,9.522497,2.090314,156.22043,-0.93051195,-105.72705,28.389694,-6.080663,107.40384,21.870947,3.7877202,-86.23108,224.77223,42.29728,140.92006,216.35742,-20.310295,-114.53556,386.41833,69.2787,145.63774,379.22696,16.19438,-41.81678,361.4832,30.603004,57.432827,361.19342,28.85722
to row,0.0,0.0,0.0,-4.1252146,-139.41286,9.522497,2.090314,156.22043,-0.93051195,-105.72705,28.389694,-6.080663,107.40384,21.870947,3.7877202,-86.23108,224.77223,42.29728,140.92006,216.35742,-20.310295,-114.53556,386.41833,69.2787,145.63774,379.22696,16.19438,-41.81678,361.4832,30.603004,57.432827,361.19342,28.85722
to row,0.0,0.0,0.0,-3.7870579,-139.46158,10.082674,2.090314,156.22043,-0.93051195,-105.72705,28.389694,-6.080663,107.40384,21.870947,3.7877202,-86.23108,224.77223,42.29728,140.92006,216.35742,-20.310295,-114.53556,386.41833,69.2787,145.63774,379.22696,16.19438,-41.81678,361.4832,30.603004,57.432827,361.19342,28.85722
to row,0.0,0.0,0.0,-3.7870579,-139.46158,10.082674,2.090314,156.22043,-0.93051195,-105.72705,28.389694,-6.080663,107.40384,21.870947,3.7877202,-86.23108,224.77223,42.29728,140.92006,216.35742,-20.310295,-114.53556,386.41833,69.2787,145.63774,379.22696,16.19438,-41.81678,361.4832,30.603004,57.432827,361.19342,28.85722
to row,0.0,0.0,0.0,-3.7870579,-139.46158,10.082674,2.4146655,156.18358,-0.56568384,-105.72705,28.389694,-6.080663,107.40384,21.870947,3.7877202,-86.23108,224.77223,42.29728,140.92006,216.35742,-20.310295,-114.53556,386.41833,69.2787,145.63774,379.22696,16.19438,-41.81678,361.4832,30.603004,57.432827,361.19342,28.85722
to row,0.0,0.0,0.0,-3.503397,-139.3575,10.617817,2.6360385,156.2009,-0.39561987,-105.400925,28.44733,-5.159831,108.37179,21.203083,1.0147929,-91.81414,213.60667,43.039703,141.6985,218.80678,-20.964348,-99.99267,375.55603,83.667885,146.63991,381.45688,16.638397,-40.54817,361.40292,31.78661,58.751026,360.79343,29.149532
to row,0.0,0.0,0.0,-3.503397,-139.3575,10.617817,2.8695009,156.2095,-0.20143986,-105.2539,28.385872,-4.832971,108.707405,21.41523,-0.21554232,-117.5533,200.70082,20.38356,142.00887,220.29398,-21.694338,-93.926476,355.20682,83.45485,147.21344,382.77356,16.745127,-40.079346,361.37296,32.20142,59.24777,360.72797,29.175735
to row,0.0,0.0,0.0,-3.3875265,-139.32259,10.826182,3.0915678,156.22206,-0.06533861,-105.146255,28.442068,-4.5553446,108.578064,21.239622,0.2919793,-95.00697,217.10612,43.545975,142.16788,220.602,-21.53262,-93.926476,355.20682,83.45485,147.21344,382.77356,16.745127,-40.079346,361.37296,32.20142,59.24777,360.72797,29.175735
to row,0.0,0.0,0.0,-3.3875265,-139.32259,10.826182,3.0915678,156.22206,-0.06533861,-105.146255,28.442068,-4.5553446,108.578064,21.239622,0.2919793,-95.00697,217.10612,43.545975,142.16788,220.602,-21.53262,-103.554565,379.8977,79.36639,147.27843,383.2186,16.214407,-39.487938,361.2508,32.565998,59.771187,360.73343,29.16906
to row,0.0,0.0,0.0,-3.265319,-139.33427,11.099052,3.0915678,156.22206,-0.06533861,-105.146255,28.442068,-4.5553446,108.578064,21.239622,0.2919793,-95.00697,217.10612,43.545975,142.16788,220.602,-21.53262,-103.554565,379.8977,79.36639,147.27843,383.2186,16.214407,-39.487938,361.2508,32.565998,59.771187,360.73343,29.16906
to row,0.0,0.0,0.0,-3.054215,-139.10902,11.41398,3.5421631,156.34882,0.33637285,-105.04715,28.396084,-4.2107105,108.89427,21.549366,-0.7583618,-132.47514,203.74086,11.005009,142.59367,221.43188,-21.479713,-94.0847,352.3475,81.791756,146.35152,384.00928,16.678953,-39.235603,361.18884,32.882847,60.003906,360.70392,29.33712
to row,0.0,0.0,0.0,-3.054215,-139.10902,11.41398,3.5421631,156.34882,0.33637285,-104.837906,28.648394,-3.8422108,108.89427,21.549366,-0.7583618,-132.47514,203.74086,11.005009,142.59367,221.43188,-21.479713,-94.0847,352.3475,81.791756,146.35152,384.00928,16.678953,-39.235603,361.18884,32.882847,60.003906,360.70392,29.33712
to row,0.0,0.0,0.0,-3.054215,-139.10902,11.41398,3.5421631,156.34882,0.33637285,-104.837906,28.648394,-3.8422108,108.84876,21.444744,0.017774105,-91.57065,211.58884,42.089165,142.59367,221.43188,-21.479713,-94.0847,352.3475,81.791756,146.35152,384.00928,16.678953,-39.235603,361.18884,32.882847,60.003906,360.70392,29.33712
to row,0.0,0.0,0.0,-3.054215,-139.10902,11.41398,3.5421631,156.34882,0.33637285,-104.837906,28.648394,-3.8422108,108.84876,21.444744,0.017774105,-91.57065,211.58884,42.089165,142.8881,221.66566,-21.196997,-94.0847,352.3475,81.791756,146.35152,384.00928,16.678953,-39.235603,361.18884,32.882847,60.003906,360.70392,29.33712
to row,0.0,0.0,0.0,-3.054215,-139.10902,11.41398,3.5421631,156.34882,0.33637285,-104.837906,28.648394,-3.8422108,108.84876,21.444744,0.017774105,-91.57065,211.58884,42.089165,142.8881,221.66566,-21.196997,-98.03621,373.41998,83.833694,146.16731,384.2522,16.954744,-39.235603,361.18884,32.882847,60.003906,360.70392,29.33712
to row,0.0,0.0,0.0,-2.9976277,-139.07529,11.453867,3.7385025,156.32828,0.441432,-104.701096,28.67699,-3.6260843,108.77563,21.213655,0.5440712,-91.57065,211.58884,42.089165,142.8881,221.66566,-21.196997,-98.03621,373.41998,83.833694,146.16731,384.2522,16.954744,-38.810944,361.42313,33.304,60.448536,360.83072,29.543232
to row,0.0,0.0,0.0,-4.441925,-139.68567,9.588838,3.4397743,155.92882,-0.5395651,-105.775444,28.162554,-5.075884,107.864204,20.813055,-2.0667195,-90.64216,214.83017,40.6039,142.35463,216.313,-23.500706,-100.64465,377.31656,80.86859,144.53517,364.2549,12.184441,-38.91632,360.7969,32.545055,60.2859,360.25742,28.463852
to row,0.0,0.0,0.0,-4.441925,-139.68567,9.588838,3.4397743,155.92882,-0.5395651,-105.775444,28.162554,-5.075884,107.864204,20.813055,-2.0667195,-90.64216,214.83017,40.6039,142.35463,216.313,-23.500706,-103.99133,377.23636,76.737404,144.53517,364.2549,12.184441,-38.91632,360.7969,32.545055,60.2859,360.25742,28.463852
to row,0.0,0.0,0.0,-4.5022516,-139.51784,10.276854,4.040881,156.0823,0.19534826,-105.28944,28.480307,-3.9110541,107.892784,20.572838,-0.07443428,-108.80022,217.15082,24.914873,142.57329,218.8744,-20.560884,-108.56707,378.15265,71.02199,145.01768,381.82095,15.785992,-38.17437,360.8127,33.232235,60.968723,360.30344,28.874493
to row,0.0,0.0,0.0,-4.5022516,-139.51784,10.276854,4.040881,156.0823,0.19534826,-105.28944,28.480307,-3.9110541,107.892784,20.572838,-0.07443428,-108.80022,217.15082,24.914873,142.57329,218.8744,-20.560884,-108.56707,378.15265,71.02199,145.01768,381.82095,15.785992,-38.17437,360.8127,33.232235,60.968723,360.30344,28.874493
to row,0.0,0.0,0.0,-4.3952575,-139.51584,10.233045,4.040881,156.0823,0.19534826,-105.28944,28.480307,-3.9110541,107.892784,20.572838,-0.07443428,-108.80022,217.15082,24.914873,142.57329,218.8744,-20.560884,-108.56707,378.15265,71.02199,145.01768,381.82095,15.785992,-38.17437,360.8127,33.232235,60.968723,360.30344,28.874493
to row,0.0,0.0,0.0,-4.3952575,-139.51584,10.233045,4.2907877,156.1105,0.3949523,-104.98882,28.55276,-3.427565,108.08093,20.515932,0.6205082,-105.051926,229.01816,27.715588,142.03993,219.47926,-18.62359,-111.39042,390.43317,70.90992,147.68907,382.70224,15.4710655,-37.77244,360.89435,33.635784,61.315437,360.3237,29.211449
to row,0.0,0.0,0.0,-4.2651644,-139.49007,10.324168,4.510685,156.20195,0.5494952,-104.75344,28.660192,-3.111136,108.22177,20.542854,1.1235237,-94.2464,212.7676,39.299965,142.75163,220.83238,-18.526125,-107.50285,375.80795,71.552956,148.87004,383.96344,15.962564,-37.378353,361.0735,33.88462,61.62609,360.46283,29.448854
to row,0.0,0.0,0.0,-4.2651644,-139.49007,10.324168,4.510685,156.20195,0.5494952,-104.75344,28.660192,-3.111136,108.22177,20.542854,1.1235237,-94.2464,212.7676,39.299965,142.75163,220.83238,-18.526125,-107.50285,375.80795,71.552956,148.87004,383.96344,15.962564,-37.378353,361.0735,33.88462,61.62609,360.46283,29.448854
to row,0.0,0.0,0.0,-4.2651644,-139.49007,10.324168,4.510685,156.20195,0.5494952,-104.75344,28.660192,-3.111136,108.22177,20.542854,1.1235237,-94.2464,212.7676,39.299965,142.75163,220.83238,-18.526125,-107.50285,375.80795,71.552956,148.87004,383.96344,15.962564,-37.378353,361.0735,33.88462,61.62609,360.46283,29.448854
to row,0.0,0.0,0.0,-4.394726,-139.52927,10.381913,4.510685,156.20195,0.5494952,-104.75344,28.660192,-3.111136,108.22177,20.542854,1.1235237,-94.2464,212.7676,39.299965,142.75163,220.83238,-18.526125,-107.50285,375.80795,71.552956,148.87004,383.96344,15.962564,-37.378353,361.0735,33.88462,61.62609,360.46283,29.448854
to row,0.0,0.0,0.0,-4.394726,-139.52927,10.381913,4.6211267,156.19832,0.5735278,-104.69163,28.720982,-2.8406858,108.265205,20.580807,1.4615655,-93.85228,212.3537,40.052402,143.2508,223.22807,-18.835127,-107.50285,375.80795,71.552956,148.87004,383.96344,15.962564,-37.378353,361.0735,33.88462,61.62609,360.46283,29.448854
to row,0.0,0.0,0.0,-4.4451118,-139.37685,10.436821,4.7936573,156.22783,0.63411,-104.57607,28.811506,-2.4152756,108.34639,20.563883,1.8300653,-93.50166,211.91972,40.657055,143.76337,225.00528,-18.765366,-106.854,375.0649,72.22103,149.97458,387.83582,17.414034,-36.883137,361.14246,34.15532,62.03265,360.4506,29.691101
to row,0.0,0.0,0.0,-4.4451118,-139.37685,10.436821,4.7936573,156.22783,0.63411,-104.57607,28.811506,-2.4152756,108.393845,20.590174,2.1437407,-93.272514,212.03679,40.92592,144.28485,227.16846,-18.855322,-106.77704,375.17288,72.45894,150.45023,389.84375,18.156456,-36.772793,361.211,34.15941,62.077698,360.49164,29.727066
to row,0.0,0.0,0.0,-4.3642416,-139.30989,10.396266,4.8889217,156.21797,0.67049265,-104.57607,28.811506,-2.4152756,108.393845,20.590174,2.1437407,-93.272514,212.03679,40.92592,144.28485,227.16846,-18.855322,-106.77704,375.17288,72.45894,150.45023,389.84375,18.156456,-36.772793,361.211,34.15941,62.077698,360.49164,29.727066
to row,0.0,0.0,0.0,-4.158343,-139.2154,10.408867,5.02482,156.27908,0.71538687,-104.24644,28.97004,-2.048862,108.636986,20.661171,2.7867794,-88.79436,219.81636,41.39514,143.1879,224.2964,-15.904654,-110.51555,382.26636,70.760216,151.35522,387.53574,17.18706,-36.34391,361.33624,34.35935,62.47946,360.5824,29.955791
to row,0.0,0.0,0.0,-4.158343,-139.2154,10.408867,5.02482,156.27908,0.71538687,-104.24644,28.97004,-2.048862,108.636986,20.661171,2.7867794,-88.79436,219.81636,41.39514,143.1879,224.2964,-15.904654,-110.51555,382.26636,70.760216,151.35522,387.53574,17.18706,-36.34391,361.33624,34.35935,62.47946,360.5824,29.955791
to row,0.0,0.0,0.0,-4.158343,-139.2154,10.408867,5.02482,156.27908,0.71538687,-104.24644,28.97004,-2.048862,108.636986,20.661171,2.7867794,-88.79436,219.81636,41.39514,143.1879,224.2964,-15.904654,-110.51555,382.26636,70.760216,151.35522,387.53574,17.18706,-36.34391,361.33624,34.35935,62.47946,360.5824,29.955791
to row,0.0,0.0,0.0,-4.0790634,-139.24121,10.514343,5.093173,156.27527,0.74334145,-104.15441,28.935429,-1.9025803,108.727936,20.623251,2.9701114,-88.28594,221.3632,40.961384,143.46797,224.09062,-16.058529,-109.90949,383.58163,72.09127,151.45969,387.28256,17.41395,-36.210567,361.3261,34.48769,62.60143,360.58044,29.971064
to row,0.0,0.0,0.0,-4.137356,-139.08455,10.376989,5.1244183,156.29573,0.7303238,-104.15874,28.98375,-1.8633604,108.74583,20.610947,3.1368375,-87.83791,222.16745,40.83321,143.5814,223.65996,-16.145647,-109.7808,384.24982,72.57902,151.57402,386.8392,17.426884,-36.13206,361.44302,34.442543,62.6695,360.58774,29.98892
to row,0.0,0.0,0.0,-4.1822343,-139.04099,10.390341,5.1244183,156.29573,0.7303238,-104.15874,28.98375,-1.8633604,108.74583,20.610947,3.1368375,-87.83791,222.16745,40.83321,143.5814,223.65996,-16.145647,-109.7808,384.24982,72.57902,151.57402,386.8392,17.426884,-36.13206,361.44302,34.442543,62.6695,360.58774,29.98892
to row,0.0,0.0,0.0,-4.1822343,-139.04099,10.390341,5.172103,156.30383,0.7310748,-104.16089,29.001118,-1.761806,108.761375,20.595577,3.3153296,-88.52669,218.52094,41.46365,143.71884,224.01167,-16.280079,-108.93726,380.92712,72.547806,151.66081,387.12515,17.7207,-36.034115,361.50723,34.511387,62.79475,360.55374,29.93393
to row,0.0,0.0,0.0,-4.1822343,-139.04099,10.390341,5.172103,156.30383,0.7310748,-104.16089,29.001118,-1.761806,108.761375,20.595577,3.3153296,-88.52669,218.52094,41.46365,143.71884,224.01167,-16.280079,-108.93726,380.92712,72.547806,151.66081,387.12515,17.7207,-36.034115,361.50723,34.511387,62.79475,360.55374,29.93393
to row,0.0,0.0,0.0,-4.3004365,-138.95186,10.358631,5.191885,156.33704,0.7199764,-104.20429,29.069872,-1.707232,108.713875,20.617775,3.4470916,-89.05891,216.23846,41.642307,143.85023,225.23055,-16.45857,-108.42077,378.8513,72.301056,151.85428,388.27844,17.890013,-35.995796,361.62152,34.53784,62.857574,360.6074,29.869175
to row,0.0,0.0,0.0,-4.3192277,-138.92792,10.431647,5.255956,156.35039,0.6971121,-104.27279,29.05553,-1.6265392,108.65359,20.580542,3.611064,-87.951965,219.65768,41.1937,143.9601,225.67627,-16.791689,-108.75145,381.8751,73.20336,151.91759,388.63123,18.133343,-35.819786,361.64612,34.491028,63.032368,360.66354,29.858494
to row,0.0,0.0,0.0,-4.3192277,-138.92792,10.431647,5.255956,156.35039,0.6971121,-104.27279,29.05553,-1.6265392,108.65359,20.580542,3.611064,-87.951965,219.65768,41.1937,143.9601,225.67627,-16.791689,-108.75145,381.8751,73.20336,151.91759,388.63123,18.133343,-35.819786,361.64612,34.491028,63.032368,360.66354,29.858494
to row,0.0,0.0,0.0,-4.3192277,-138.92792,10.431647,5.255956,156.35039,0.6971121,-104.27279,29.05553,-1.6265392,108.65359,20.580542,3.611064,-87.951965,219.65768,41.1937,143.9601,225.67627,-16.791689,-108.75145,381.8751,73.20336,151.91759,388.63123,18.133343,-35.819786,361.64612,34.491028,63.032368,360.66354,29.858494
to row,0.0,0.0,0.0,-4.2958937,-138.85367,10.297298,5.3128877,156.34785,0.72431564,-104.27279,29.05553,-1.6265392,108.65359,20.580542,3.611064,-87.951965,219.65768,41.1937,143.9601,225.67627,-16.791689,-108.75145,381.8751,73.20336,151.91759,388.63123,18.133343,-35.819786,361.64612,34.491028,63.032368,360.66354,29.858494
to row,0.0,0.0,0.0,-4.1927433,-138.79626,10.284948,5.330943,156.36214,0.73691607,-104.269806,28.999945,-1.5269041,108.67799,20.612179,3.9375901,-88.0205,219.65602,41.871788,144.12738,226.35661,-17.046951,-108.53766,381.96484,73.50051,152.10545,389.19495,18.555748,-35.664955,361.69885,34.616947,63.18495,360.69376,29.947865
to row,0.0,0.0,0.0,-4.1927433,-138.79626,10.284948,5.330943,156.36214,0.73691607,-104.269806,28.999945,-1.5269041,108.67799,20.612179,3.9375901,-88.0205,219.65602,41.871788,144.12738,226.35661,-17.046951,-108.53766,381.96484,73.50051,152.10545,389.19495,18.555748,-35.664955,361.69885,34.616947,63.18495,360.69376,29.947865
to row,0.0,0.0,0.0,-4.1798406,-138.8051,10.290873,5.330943,156.36214,0.73691607,-104.269806,28.999945,-1.5269041,108.67799,20.612179,3.9375901,-88.0205,219.65602,41.871788,144.12738,226.35661,-17.046951,-108.53766,381.96484,73.50051,152.10545,389.19495,18.555748,-35.664955,361.69885,34.616947,63.18495,360.69376,29.947865
to row,0.0,0.0,0.0,-4.1798406,-138.8051,10.290873,5.3452387,156.36618,0.7362485,-104.283035,29.022396,-1.5247345,108.69201,20.573652,4.011357,-88.47622,218.30853,42.142403,144.23529,226.79543,-17.185974,-108.105156,380.77103,73.548996,152.21268,389.5982,18.612076,-35.633987,361.73203,34.628796,63.21623,360.68365,29.960215
to row,0.0,0.0,0.0,-4.1306334,-138.72188,10.281193,5.356259,156.37828,0.6989479,-104.307785,29.036337,-1.5355825,108.698,20.576609,4.0731072,-88.47622,218.30853,42.142403,144.23529,226.79543,-17.185974,-108.105156,380.77103,73.548996,152.21268,389.5982,18.612076,-35.633987,361.73203,34.628796,63.21623,360.68365,29.960215
to row,0.0,0.0,0.0,-4.0892386,-138.66702,10.216772,5.3700695,156.38844,0.68084,-104.31036,29.077272,-1.4991164,108.66445,20.625254,4.1775823,-87.29696,221.62677,41.764305,144.60428,235.07227,-17.795801,-108.741325,383.7031,74.05885,152.99301,397.41806,20.190716,-35.5689,361.80737,34.51731,63.286922,360.74493,29.866005
to row,0.0,0.0,0.0,-4.0892386,-138.66702,10.216772,5.3700695,156.38844,0.68084,-104.31036,29.077272,-1.4991164,108.66445,20.625254,4.1775823,-87.29696,221.62677,41.764305,144.60428,235.07227,-17.795801,-108.741325,383.7031,74.05885,152.99301,397.41806,20.190716,-35.5689,361.80737,34.51731,63.286922,360.74493,29.866005
to row,0.0,0.0,0.0,-4.066494,-138.6489,10.278273,5.3900285,156.38414,0.6638169,-104.301956,29.06884,-1.4795065,108.643135,20.656242,4.296577,-88.26702,218.22157,42.487953,144.60428,235.07227,-17.795801,-108.741325,383.7031,74.05885,152.99301,397.41806,20.190716,-35.5689,361.80737,34.51731,63.286922,360.74493,29.866005
to row,0.0,0.0,0.0,-4.0004983,-138.58896,10.327589,5.3900285,156.38414,0.6638169,-104.301956,29.06884,-1.4795065,108.643135,20.656242,4.296577,-88.26702,218.22157,42.487953,144.48105,232.66283,-17.995155,-108.03268,380.71,73.59055,152.93268,395.09048,19.60442,-35.523342,361.7847,34.53634,63.337555,360.7578,29.778969
to row,0.0,0.0,0.0,-4.040704,-138.53279,10.380995,5.4264216,156.38637,0.6587267,-104.35471,29.12417,-1.4910221,108.652374,20.619167,4.39229,-88.44185,217.68762,42.825665,144.42828,229.07335,-17.95969,-107.936935,380.26535,73.54707,152.82057,391.6782,18.783056,-35.41725,361.8544,34.491276,63.419567,360.72964,29.795242
to row,0.0,0.0,0.0,-4.040704,-138.53279,10.380995,5.4515443,156.38666,0.64303875,-104.40356,29.154879,-1.505959,108.62442,20.617971,4.439187,-85.78928,222.2228,42.771755,144.43265,229.41165,-17.909872,-108.80976,384.17572,74.352585,152.82843,392.00668,18.875181,-35.36183,361.85468,34.490276,63.502934,360.71844,29.730488
to row,0.0,0.0,0.0,-4.040704,-138.53279,10.380995,5.4515443,156.38666,0.64303875,-104.40356,29.154879,-1.505959,108.62442,20.617971,4.439187,-85.78928,222.2228,42.771755,144.43265,229.41165,-17.909872,-108.80976,384.17572,74.352585,152.82843,392.00668,18.875181,-35.36183,361.85468,34.490276,63.502934,360.71844,29.730488
to row,0.0,0.0,0.0,-4.040704,-138.53279,10.380995,5.4515443,156.38666,0.64303875,-104.40356,29.154879,-1.505959,108.62442,20.617971,4.439187,-85.78928,222.2228,42.771755,144.43265,229.41165,-17.909872,-108.80976,384.17572,74.352585,152.82843,392.00668,18.875181,-35.36183,361.85468,34.490276,63.502934,360.71844,29.730488
to row,0.0,0.0,0.0,-4.048188,-138.4803,10.447502,5.4568014,156.37592,0.6499648,-104.39446,29.068771,-1.4456272,108.61326,20.5879,4.499936,-89.7322,213.63948,42.726944,144.38281,230.56496,-17.806232,-108.80976,384.17572,74.352585,152.82843,392.00668,18.875181,-35.36183,361.85468,34.490276,63.502934,360.71844,29.730488
to row,0.0,0.0,0.0,-4.036683,-138.26492,10.563827,5.508742,156.396,0.6025672,-104.41282,29.06583,-1.4077425,108.59031,20.573626,4.6272755,-80.319405,226.12808,43.746494,144.15686,228.94083,-17.393255,-109.47704,386.97226,75.832924,152.93782,391.64862,18.625175,-35.182297,361.96313,34.370445,63.690586,360.68924,29.647207
to row,0.0,0.0,0.0,-4.036683,-138.26492,10.563827,5.508742,156.396,0.6025672,-104.41282,29.06583,-1.4077425,108.59031,20.573626,4.6272755,-80.319405,226.12808,43.746494,144.15686,228.94083,-17.393255,-109.47704,386.97226,75.832924,152.93782,391.64862,18.625175,-35.182297,361.96313,34.370445,63.690586,360.68924,29.647207
to row,0.0,0.0,0.0,-4.033903,-138.269,10.6653805,5.508742,156.396,0.6025672,-104.41282,29.06583,-1.4077425,108.59031,20.573626,4.6272755,-80.319405,226.12808,43.746494,144.15686,228.94083,-17.393255,-109.47704,386.97226,75.832924,152.93782,391.64862,18.625175,-35.182297,361.96313,34.370445,63.690586,360.68924,29.647207
to row,0.0,0.0,0.0,-4.1328287,-138.22345,10.776114,5.536008,156.39241,0.59764385,-104.4578,29.166143,-1.407826,108.526245,20.595156,4.8057675,-86.508446,219.26842,43.014,144.21393,229.74066,-17.195904,-113.79961,383.04523,66.66141,153.01814,392.46283,18.697775,-35.127472,361.93787,34.371864,63.752705,360.69308,29.625679
to row,0.0,0.0,0.0,-4.1328287,-138.22345,10.776114,5.536008,156.39241,0.59764385,-104.4578,29.166143,-1.407826,108.526245,20.595156,4.8057675,-86.508446,219.26842,43.014,144.21393,229.74066,-17.195904,-113.79961,383.04523,66.66141,153.01814,392.46283,18.697775,-35.127472,361.93787,34.371864,63.752705,360.69308,29.625679
to row,0.0,0.0,0.0,-4.1328287,-138.22345,10.776114,5.536008,156.39241,0.59764385,-104.4578,29.166143,-1.407826,108.526245,20.595156,4.8057675,-86.508446,219.26842,43.014,144.21393,229.74066,-17.195904,-113.79961,383.04523,66.66141,153.01814,392.46283,18.697775,-35.127472,361.93787,34.371864,63.752705,360.69308,29.625679
to row,0.0,0.0,0.0,-4.0301895,-138.0156,11.026454,5.536008,156.39241,0.59764385,-104.4578,29.166143,-1.407826,108.526245,20.595156,4.8057675,-86.508446,219.26842,43.014,144.21393,229.74066,-17.195904,-113.79961,383.04523,66.66141,153.01814,392.46283,18.697775,-35.127472,361.93787,34.371864,63.752705,360.69308,29.625679
to row,0.0,0.0,0.0,-4.0301895,-138.0156,11.026454,5.5761456,156.38287,0.5977273,-104.41667,29.161173,-1.3928056,109.204605,21.830017,2.4055123,-86.989914,218.44513,43.20209,144.31424,228.99503,-17.187643,-110.68983,380.84158,70.743195,152.99196,391.76102,18.51486,-35.070267,361.908,34.378372,63.752705,360.69308,29.625679
to row,0.0,0.0,0.0,-4.0667706,-137.93687,11.197435,5.5761456,156.38287,0.5977273,-104.41667,29.161173,-1.3928056,109.204605,21.830017,2.4055123,-86.989914,218.44513,43.20209,144.31424,228.99503,-17.187643,-110.68983,380.84158,70.743195,152.99196,391.76102,18.51486,-35.070267,361.908,34.378372,63.830353,360.7358,29.620338
to row,0.0,0.0,0.0,-4.0844245,-137.83723,11.372924,5.5708313,156.39359,0.591135,-104.47426,29.21144,-1.4140844,108.74577,21.55588,3.4883142,-86.03831,221.9697,43.482635,144.11478,227.65286,-17.000305,-113.03299,384.08856,68.494644,153.04227,390.5141,18.090534,-35.10677,361.99518,34.385216,63.806847,360.7251,29.609823
to row,0.0,0.0,0.0,-4.0844245,-137.83723,11.372924,5.5422506,156.3881,0.581038,-104.45128,29.18677,-1.3911366,108.622665,21.425817,3.7999868,-85.75717,223.19438,43.61515,144.0911,228.12546,-16.973103,-113.53395,385.20248,68.29863,153.09875,390.97464,18.144524,-35.18945,361.9447,34.351837,63.70812,360.72708,29.606485
to row,0.0,0.0,0.0,-4.0844245,-137.83723,11.372924,5.5422506,156.3881,0.581038,-104.45128,29.18677,-1.3911366,108.622665,21.425817,3.7999868,-85.75717,223.19438,43.61515,144.0911,228.12546,-16.973103,-113.53395,385.20248,68.29863,153.09875,390.97464,18.144524,-35.18945,361.9447,34.351837,63.70812,360.72708,29.606485
to row,0.0,0.0,0.0,-4.025887,-137.89702,11.474312,5.534897,156.37933,0.59096813,-104.431435,29.159046,-1.3830423,108.544914,21.36053,4.026711,-85.69721,223.97145,43.584106,143.91899,232.10638,-16.224253,-113.76079,385.92273,68.27643,153.46216,394.9089,18.825531,-35.217743,361.89673,34.383797,63.669933,360.7232,29.6674
to row,0.0,0.0,0.0,-3.8947144,-137.89864,11.50043,5.534897,156.37933,0.59096813,-104.431435,29.159046,-1.3830423,108.544914,21.36053,4.026711,-85.69721,223.97145,43.584106,143.91899,232.10638,-16.224253,-113.76079,385.92273,68.27643,153.46216,394.9089,18.825531,-35.217743,361.89673,34.383797,63.669933,360.7232,29.6674
to row,0.0,0.0,0.0,-3.9054475,-137.9357,11.513448,5.5866494,156.41899,0.5696058,-104.2721,29.193123,-1.3880491,108.63607,21.32744,4.2117953,-89.72677,221.63545,43.300976,143.66718,228.36794,-16.553951,-109.058395,372.95575,70.73752,153.3882,391.255,18.076933,-35.09642,361.95645,34.38121,63.792683,360.77072,29.630684
to row,0.0,0.0,0.0,-3.9054475,-137.9357,11.513448,5.5866494,156.41899,0.5696058,-104.2721,29.193123,-1.3880491,108.63607,21.32744,4.2117953,-89.72677,221.63545,43.300976,143.57355,232.72147,-16.657425,-114.871704,384.0623,68.29028,153.81332,395.36343,19.096231,-35.13887,362.00946,34.383713,63.755013,360.76486,29.620255
to row,0.0,0.0,0.0,-3.9054475,-137.9357,11.513448,5.5866494,156.41899,0.5696058,-104.2721,29.193123,-1.3880491,108.63607,21.32744,4.2117953,-89.72677,221.63545,43.300976,143.57355,232.72147,-16.657425,-114.871704,384.0623,68.29028,153.81332,395.36343,19.096231,-35.13887,362.00946,34.383713,63.755013,360.76486,29.620255
to row,0.0,0.0,0.0,-3.9081023,-138.02711,11.584961,5.5721974,156.40762,0.57361126,-104.24939,29.11717,-1.3597608,108.54834,21.385757,4.406142,-109.50428,207.19801,27.924038,143.60274,231.69426,-16.725517,-91.680756,362.5797,90.54396,153.7468,394.3706,18.913818,-35.19809,361.97644,34.423935,63.7224,360.73273,29.633104
to row,0.0,0.0,0.0,-4.0125093,-138.09842,11.706209,5.5721974,156.40762,0.57361126,-104.24939,29.11717,-1.3597608,108.54834,21.385757,4.406142,-109.50428,207.19801,27.924038,143.60274,231.69426,-16.725517,-91.680756,362.5797,90.54396,153.7468,394.3706,18.913818,-35.19809,361.97644,34.423935,63.7224,360.73273,29.633104
to row,0.0,0.0,0.0,-4.1641316,-138.00581,11.900973,5.5670185,156.40178,0.5995631,-104.167625,29.084167,-1.382041,108.60349,21.312796,4.5021057,-87.84568,221.31795,45.222412,143.54686,227.33151,-16.81422,-108.552216,383.10745,80.05407,153.52896,390.1509,18.188334,-35.242718,362.00174,34.577644,63.734337,360.6892,29.694855
to row,0.0,0.0,0.0,-4.1641316,-138.00581,11.900973,5.5670185,156.40178,0.5995631,-104.167625,29.084167,-1.382041,108.60349,21.312796,4.5021057,-87.84568,221.31795,45.222412,143.54686,227.33151,-16.81422,-108.552216,383.10745,80.05407,153.52896,390.1509,18.188334,-35.242718,362.00174,34.577644,63.734337,360.6892,29.694855
to row,0.0,0.0,0.0,-4.1641316,-138.00581,11.900973,5.5670185,156.40178,0.5995631,-104.167625,29.084167,-1.382041,108.60349,21.312796,4.5021057,-87.84568,221.31795,45.222412,143.54686,227.33151,-16.81422,-108.552216,383.10745,80.05407,153.52896,390.1509,18.188334,-35.242718,362.00174,34.577644,63.734337,360.6892,29.694855
to row,0.0,0.0,0.0,-4.107654,-137.97589,11.9573,5.601727,156.42729,0.6064892,-104.08622,29.066002,-1.3568401,108.63511,21.420233,4.604161,-87.84568,221.31795,45.222412,143.54686,227.33151,-16.81422,-108.552216,383.10745,80.05407,153.52896,390.1509,18.188334,-35.242718,362.00174,34.577644,63.734337,360.6892,29.694855
to row,0.0,0.0,0.0,-4.173092,-138.04036,12.180269,5.5988746,156.42213,0.6198406,-104.03453,29.02126,-1.3545871,108.6463,21.311,4.708302,-89.15931,214.69385,46.820496,138.46814,208.26666,-8.995783,-108.96622,383.9523,79.62557,153.7226,390.91208,18.29089,-35.182877,362.07654,34.61453,63.80112,360.7231,29.712212
to row,0.0,0.0,0.0,-4.173092,-138.04036,12.180269,5.5988746,156.42213,0.6198406,-104.03453,29.02126,-1.3545871,108.6463,21.311,4.708302,-89.15931,214.69385,46.820496,138.46814,208.26666,-8.995783,-100.93643,376.97333,84.52647,153.23648,372.37692,13.542616,-35.198273,362.0787,34.69163,63.806908,360.69638,29.724312
to row,0.0,0.0,0.0,-4.173092,-138.04036,12.180269,5.5988746,156.42213,0.6198406,-104.03453,29.02126,-1.3545871,108.6463,21.311,4.708302,-89.15931,214.69385,46.820496,138.46814,208.26666,-8.995783,-100.93643,376.97333,84.52647,153.23648,372.37692,13.542616,-35.198273,362.0787,34.69163,63.806908,360.69638,29.724312
to row,0.0,0.0,0.0,-4.341169,-138.1139,12.484514,5.5557327,156.41118,0.6555557,-104.03504,28.916363,-1.3167858,108.6463,21.311,4.708302,-89.15931,214.69385,46.820496,138.46814,208.26666,-8.995783,-100.93643,376.97333,84.52647,153.23648,372.37692,13.542616,-35.198273,362.0787,34.69163,63.806908,360.69638,29.724312
to row,0.0,0.0,0.0,-4.360742,-138.14354,12.486768,5.5557327,156.41118,0.6555557,-104.03504,28.916363,-1.3167858,108.599945,21.255665,4.7889113,-87.314705,225.03143,45.206226,140.9167,217.2321,-12.988365,-107.28476,386.44928,82.6349,153.5994,380.85968,15.409481,-35.32186,362.0555,34.80445,63.673462,360.63333,29.839886
to row,0.0,0.0,0.0,-4.360742,-138.14354,12.486768,5.51426,156.42035,0.6774187,-104.156296,29.069748,-1.2799859,108.56786,21.189121,4.8459888,-86.850716,225.471,45.490192,140.9167,217.2321,-12.988365,-107.28476,386.44928,82.6349,153.5994,380.85968,15.409481,-35.32186,362.0555,34.80445,63.673462,360.63333,29.839886
to row,0.0,0.0,0.0,-4.301062,-138.21866,12.534416,5.56161,156.41313,0.6794214,-104.09167,29.058811,-1.2981772,108.641045,21.112518,4.878783,-87.029655,226.40356,45.40775,141.87009,223.20012,-14.609564,-108.68005,387.8505,81.32562,153.96414,386.42776,16.896832,-35.392014,362.11926,34.92528,63.663166,360.59448,29.893875
to row,0.0,0.0,0.0,-4.301062,-138.21866,12.534416,5.56161,156.41313,0.6794214,-104.09167,29.058811,-1.2981772,108.641045,21.112518,4.878783,-87.029655,226.40356,45.40775,141.87009,223.20012,-14.609564,-108.68005,387.8505,81.32562,153.96414,386.42776,16.896832,-35.392014,362.11926,34.92528,63.663166,360.59448,29.893875
to row,0.0,0.0,0.0,-4.2726226,-138.25764,12.6010895,5.56161,156.41313,0.6794214,-104.09167,29.058811,-1.2981772,108.641045,21.112518,4.878783,-87.029655,226.40356,45.40775,141.87009,223.20012,-14.609564,-108.68005,387.8505,81.32562,153.96414,386.42776,16.896832,-35.392014,362.11926,34.92528,63.663166,360.59448,29.893875
to row,0.0,0.0,0.0,-4.2726226,-138.25764,12.6010895,5.574482,156.39667,0.67549944,-104.07075,29.011059,-1.281488,108.6459,21.03134,4.943371,-86.91136,226.38556,45.378876,141.97845,223.1594,-14.712536,-108.87586,387.834,81.02747,154.01279,386.36887,16.956161,-35.368004,362.05365,34.98745,63.663166,360.59448,29.893875
to row,0.0,0.0,0.0,-4.380686,-138.37015,13.016737,5.5750976,156.37268,0.7039547,-104.00479,28.980204,-1.2607932,108.66679,20.909086,5.1234484,-86.110504,226.71193,45.400406,142.38237,225.53845,-14.70269,-110.14466,387.96844,80.36149,154.65253,388.66815,17.287195,-35.30858,361.96014,35.002304,63.777866,360.52206,29.874683
to row,0.0,0.0,0.0,-4.380686,-138.37015,13.016737,5.5750976,156.37268,0.7039547,-104.00479,28.980204,-1.2607932,108.66679,20.909086,5.1234484,-86.110504,226.71193,45.400406,142.38237,225.53845,-14.70269,-110.14466,387.96844,80.36149,154.65253,388.66815,17.287195,-35.368122,362.0131,35.084164,63.71892,360.53052,29.910397
to row,0.0,0.0,0.0,-4.353399,-138.38707,13.043106,5.5750976,156.37268,0.7039547,-104.00479,28.980204,-1.2607932,108.66679,20.909086,5.1234484,-86.110504,226.71193,45.400406,142.38237,225.53845,-14.70269,-110.14466,387.96844,80.36149,154.65253,388.66815,17.287195,-35.368122,362.0131,35.084164,63.71892,360.53052,29.910397
to row,0.0,0.0,0.0,-4.353399,-138.38707,13.043106,5.5277677,156.35023,0.6913543,-104.0057,28.960056,-1.3062716,108.683815,20.822681,5.1625013,-85.910484,226.79967,45.450054,142.8485,227.49629,-15.257776,-110.088425,388.07785,80.136765,154.59845,390.48068,17.898941,-35.464165,361.93405,35.04119,63.71892,360.53052,29.910397
to row,0.0,0.0,0.0,-4.326628,-138.45103,13.342595,5.519553,156.34322,0.6924391,-103.95753,28.896381,-1.3459921,108.752365,20.761787,5.1454782,-85.67258,226.82057,45.33031,143.03519,229.67728,-15.539825,-110.221054,388.0651,79.86757,155.35448,392.51395,18.20544,-35.460716,361.9306,35.03243,63.562057,360.45016,29.901386
to row,0.0,0.0,0.0,-4.326628,-138.45103,13.342595,5.534939,156.36241,0.69828033,-104.64064,31.854002,2.701497,108.7681,20.702196,5.149567,-86.29119,227.78502,45.278404,143.08824,229.93948,-15.493846,-102.55285,387.9991,90.63058,155.36479,392.75983,18.366741,-35.419094,361.9714,35.03468,63.61184,360.50482,29.942942
to row,0.0,0.0,0.0,-4.326628,-138.45103,13.342595,5.534939,156.36241,0.69828033,-104.64064,31.854002,2.701497,108.7681,20.702196,5.149567,-86.29119,227.78502,45.278404,143.08824,229.93948,-15.493846,-102.55285,387.9991,90.63058,155.36479,392.75983,18.366741,-35.419094,361.9714,35.03468,63.61184,360.50482,29.942942
to row,0.0,0.0,0.0,-4.30464,-138.42741,13.344431,5.534939,156.36241,0.69828033,-104.64064,31.854002,2.701497,108.7681,20.702196,5.149567,-86.29119,227.78502,45.278404,143.08824,229.93948,-15.493846,-102.55285,387.9991,90.63058,155.36479,392.75983,18.366741,-35.419094,361.9714,35.03468,63.61184,360.50482,29.942942
to row,0.0,0.0,0.0,-4.2781925,-138.44763,13.358366,5.5318823,156.37302,0.69235563,-104.652405,31.591282,2.2274375,108.794754,20.683311,5.1477313,-86.12285,227.72784,45.326054,142.89899,231.37099,-15.274882,-102.306175,387.5241,92.48585,155.5944,394.1519,18.56668,-35.420567,362.01346,35.01941,63.61567,360.5104,29.929674
to row,0.0,0.0,0.0,-4.2781925,-138.44763,13.358366,5.5275226,156.36223,0.6921053,-104.6072,31.178476,1.8110394,108.79145,20.663784,5.1685095,-98.40169,233.80167,36.29322,143.11992,232.1464,-15.437687,-95.817444,389.83948,99.1014,155.51106,394.87018,18.890202,-35.41748,361.96844,35.017075,63.601406,360.49506,29.93076
to row,0.0,0.0,0.0,-4.2721324,-138.45471,13.354111,5.500152,156.35799,0.71496964,-104.58007,31.020178,1.5797257,108.78716,20.694263,5.1911235,-91.45123,231.06508,41.165997,143.54382,226.75102,-16.358017,-98.65301,389.27075,96.72885,154.77026,389.57504,18.107807,-35.481663,361.94382,35.073315,63.52452,360.49408,29.997849
to row,0.0,0.0,0.0,-4.258103,-138.48859,13.382483,5.479807,156.35791,0.7348299,-104.5259,30.731354,1.2888312,108.98155,21.45864,3.796482,-89.44785,230.1531,42.01907,143.62288,224.92915,-16.865707,-99.48312,388.67883,95.93594,154.49303,387.7366,17.93232,-35.538036,361.94833,35.160183,63.49583,360.4809,30.01796
to row,0.0,0.0,0.0,-4.258103,-138.48859,13.382483,5.479807,156.35791,0.7348299,-104.5259,30.731354,1.2888312,108.98155,21.45864,3.796482,-89.44785,230.1531,42.01907,143.62288,224.92915,-16.865707,-99.48312,388.67883,95.93594,154.49303,387.7366,17.93232,-35.538036,361.94833,35.160183,63.49583,360.4809,30.01796
to row,0.0,0.0,0.0,-4.2557926,-138.51863,13.407433,5.479807,156.35791,0.7348299,-104.5259,30.731354,1.2888312,108.98155,21.45864,3.796482,-89.44785,230.1531,42.01907,143.62288,224.92915,-16.865707,-99.48312,388.67883,95.93594,154.49303,387.7366,17.93232,-35.538036,361.94833,35.160183,63.49583,360.4809,30.01796
to row,0.0,0.0,0.0,-4.2557926,-138.51863,13.407433,5.478091,156.35373,0.7409215,-104.5259,30.731354,1.2888312,108.98155,21.45864,3.796482,-89.44785,230.1531,42.01907,143.62288,224.92915,-16.865707,-99.48312,388.67883,95.93594,154.49303,387.7366,17.93232,-35.538036,361.94833,35.160183,63.49583,360.4809,30.01796
to row,0.0,0.0,0.0,-4.210069,-138.51323,13.41002,5.471316,156.34209,0.74584484,-104.49849,30.331953,0.9098172,108.93751,21.273518,4.067433,-82.03551,223.72209,46.623814,143.82758,224.43861,-17.146088,-108.32191,384.63953,81.593155,154.52786,387.24283,17.760336,-35.543823,361.88937,35.18255,63.473198,360.4564,30.058266
to row,0.0,0.0,0.0,-4.210069,-138.51323,13.41002,5.4638424,156.3486,0.75502396,-104.50433,30.246859,0.7775545,108.8936,21.197763,4.2032003,-82.13548,224.43404,46.611298,144.0609,228.27922,-16.453564,-108.79348,385.35242,81.157646,154.74443,391.0673,18.404125,-35.560524,361.9196,35.190475,63.455975,360.46094,30.104328
to row,0.0,0.0,0.0,-4.2057767,-138.47768,13.365042,5.4638424,156.3486,0.75502396,-104.50433,30.246859,0.7775545,108.8936,21.197763,4.2032003,-82.13548,224.43404,46.611298,144.0609,228.27922,-16.453564,-108.79348,385.35242,81.157646,154.74443,391.0673,18.404125,-35.560524,361.9196,35.190475,63.455975,360.46094,30.104328
to row,0.0,0.0,0.0,-4.2057767,-138.47768,13.365042,5.450392,156.35283,0.7574439,-104.491234,30.243244,0.6271839,108.82595,21.180058,4.36008,-82.26877,224.614,46.537365,144.0609,228.27922,-16.453564,-108.79348,385.35242,81.157646,154.74443,391.0673,18.404125,-35.560524,361.9196,35.190475,63.455975,360.46094,30.104328
to row,0.0,0.0,0.0,-4.1840024,-138.45607,13.377058,5.4431996,156.34894,0.76195,-104.46664,30.186094,0.5578399,108.80816,21.169455,4.426503,-82.75756,225.24515,45.831154,144.05977,226.60933,-16.789019,-110.36718,386.1815,79.179886,154.53384,389.4122,18.131172,-35.628292,361.90173,35.24438,63.413418,360.45734,30.102325
to row,0.0,0.0,0.0,-4.1840024,-138.45607,13.377058,5.423329,156.34518,0.7678747,-104.42781,30.10902,0.4854083,108.797585,21.141464,4.489839,-82.757195,225.25409,45.831905,143.77449,221.32935,-16.94548,-110.36772,386.20026,79.11513,154.13443,384.3107,17.117214,-35.72874,361.84357,35.267914,63.327103,360.46085,30.132532
to row,0.0,0.0,0.0,-4.1840024,-138.45607,13.377058,5.423329,156.34518,0.7678747,-104.42781,30.10902,0.4854083,108.797585,21.141464,4.489839,-82.757195,225.25409,45.831905,143.77449,221.32935,-16.94548,-110.36772,386.20026,79.11513,154.13443,384.3107,17.117214,-35.72874,361.84357,35.267914,63.327103,360.46085,30.132532
to row,0.0,0.0,0.0,-4.158186,-138.46207,13.367796,5.423329,156.34518,0.7678747,-104.42781,30.10902,0.4854083,108.797585,21.141464,4.489839,-82.757195,225.25409,45.831905,143.77449,221.32935,-16.94548,-110.36772,386.20026,79.11513,154.13443,384.3107,17.117214,-35.72874,361.84357,35.267914,63.327103,360.46085,30.132532
to row,0.0,0.0,0.0,-4.158186,-138.46207,13.367796,5.4309382,156.33919,0.76954365,-104.412415,30.075935,0.41623116,108.79963,21.053131,4.5618534,-82.71129,225.57109,45.70023,143.87544,221.20428,-17.056131,-110.35775,386.50497,79.0074,154.0278,384.1757,17.16069,-35.70941,361.85278,35.267414,63.344448,360.4396,30.134369
to row,0.0,0.0,0.0,-4.100858,-138.51794,13.377392,5.4307036,156.33127,0.75844526,-104.33293,29.88397,0.20002127,108.7925,20.926083,4.6726704,-82.780685,225.89192,45.570885,143.5217,223.21677,-17.013824,-110.50695,386.79785,78.953156,154.28574,386.1556,17.505573,-35.706257,361.85513,35.244213,63.35624,360.4201,30.11793
to row,0.0,0.0,0.0,-4.062353,-138.50908,13.39575,5.4295874,156.33035,0.75802803,-104.3291,29.85613,0.117993355,108.800995,20.91545,4.7100544,-81.775444,226.96223,45.492863,143.58476,223.08344,-17.126392,-110.95343,387.58514,78.97051,154.21281,386.0866,17.535614,-35.717373,361.84097,35.23395,63.34511,360.4154,30.11267
to row,0.0,0.0,0.0,-4.035306,-138.50769,13.388658,5.4295874,156.33035,0.75802803,-104.3291,29.85613,0.117993355,108.800995,20.91545,4.7100544,-81.775444,226.96223,45.492863,143.58476,223.08344,-17.126392,-110.95343,387.58514,78.97051,154.65298,385.93582,17.37373,-35.718422,361.83664,35.23195,63.34392,360.41586,30.112339
to row,0.0,0.0,0.0,-4.035306,-138.50769,13.388658,5.442944,156.31262,0.7506013,-104.29826,29.813307,0.06600618,108.80785,20.866898,4.747939,-81.77994,226.98692,45.47751,143.97572,225.76886,-17.134321,-110.87055,387.63046,78.92437,154.68684,388.55173,17.84178,-35.66484,361.7923,35.205997,63.407387,360.39343,30.057096
to row,0.0,0.0,0.0,-3.9886804,-138.47461,13.426292,5.438141,156.30809,0.7516861,-104.2066,29.613813,0.02194643,108.782005,20.903442,4.8388124,-85.39224,217.09207,46.962772,143.97572,225.76886,-17.134321,-110.87055,387.63046,78.92437,154.68684,388.55173,17.84178,-35.66484,361.7923,35.205997,63.407387,360.39343,30.057096
to row,0.0,0.0,0.0,-3.9886804,-138.47461,13.416279,5.438141,156.30809,0.7516861,-104.2066,29.613813,0.02194643,108.782005,20.903442,4.8388124,-85.39224,217.09207,46.962772,144.04987,225.34221,-17.488134,-98.686584,378.63354,87.8055,154.59004,388.0802,17.849874,-35.67156,361.7779,35.210835,63.40366,360.387,30.063105
to row,0.0,0.0,0.0,-3.909427,-138.47597,13.416279,5.4406075,156.31512,0.72306395,-104.18665,29.570112,-0.06392002,108.78233,20.889345,4.8657656,-85.03369,220.22157,46.23195,144.20493,225.5884,-17.73113,-98.89633,381.3045,88.95147,154.49174,388.29117,17.911041,-35.652348,361.82278,35.094177,63.413166,360.3824,29.978657
to row,0.0,0.0,0.0,-3.909427,-138.47597,13.416279,5.4406075,156.31512,0.72306395,-104.18665,29.570112,-0.06392002,108.78233,20.889345,4.8657656,-85.03369,220.22157,46.23195,144.20493,225.5884,-17.73113,-98.89633,381.3045,88.95147,154.49174,388.29117,17.911041,-35.652348,361.82278,35.094177,63.413166,360.3824,29.978657
to row,0.0,0.0,0.0,-3.8273573,-138.49652,13.427711,5.4406075,156.31512,0.72306395,-104.18665,29.570112,-0.06392002,108.78233,20.889345,4.8657656,-85.03369,220.22157,46.23195,144.20493,225.5884,-17.73113,-98.89633,381.3045,88.95147,154.49174,388.29117,17.911041,-35.652348,361.82278,35.094177,63.413166,360.3824,29.978657
to row,0.0,0.0,0.0,-3.794156,-138.48521,13.394249,5.4330506,156.30412,0.71071386,-104.159096,29.451468,-0.21904707,108.76611,20.87408,4.9322724,-87.89679,213.32483,46.273422,144.17186,225.72734,-17.715527,-109.16849,383.49722,78.61186,154.46155,388.4481,17.811907,-35.622173,361.771,35.05888,63.433968,360.3603,29.956877
to row,0.0,0.0,0.0,-3.794156,-138.48521,13.394249,5.4330506,156.30412,0.71071386,-104.159096,29.451468,-0.21904707,108.76611,20.87408,4.9322724,-87.89679,213.32483,46.273422,144.17296,225.87047,-17.74223,-101.87522,375.81534,81.715904,154.6455,388.59384,17.689823,-35.641403,361.77838,35.053207,63.41943,360.34665,29.928839
to row,0.0,0.0,0.0,-3.7811854,-138.46684,13.414693,5.4495106,156.30013,0.70353746,-104.06702,29.281435,-0.32519102,108.729576,20.876532,5.0352454,-85.319145,219.15906,44.957306,144.17154,226.30165,-17.804146,-101.87522,375.81534,81.715904,154.6455,388.59384,17.689823,-35.641403,361.77838,35.053207,63.41943,360.34665,29.928839
to row,0.0,0.0,0.0,-3.6141202,-138.48341,13.411689,5.4495106,156.30013,0.70353746,-104.06702,29.281435,-0.32519102,108.729576,20.876532,5.0352454,-85.319145,219.15906,44.957306,144.17154,226.30165,-17.804146,-101.86441,380.637,84.44085,154.66132,389.00586,17.720366,-35.58547,361.75668,35.044277,63.48665,360.34027,29.881441
to row,0.0,0.0,0.0,-3.6141202,-138.48341,13.411689,5.464515,156.29123,0.69168806,-104.06702,29.281435,-0.32519102,108.729576,20.876532,5.0352454,-85.319145,219.15906,44.957306,144.17154,226.30165,-17.804146,-101.86441,380.637,84.44085,154.66132,389.00586,17.720366,-35.58547,361.75668,35.044277,63.48665,360.34027,29.881441
to row,0.0,0.0,0.0,-3.4707956,-138.46968,13.291693,5.4796243,156.29555,0.67207813,-104.008156,29.101025,-0.5052686,108.71587,20.812511,5.1887035,-84.19482,223.302,44.461548,144.25923,225.79207,-17.973042,-102.91474,383.8962,86.965355,154.23174,388.55612,17.412865,-35.463272,361.7381,34.9136,63.607056,360.34195,29.778553
to row,0.0,0.0,0.0,-3.4707956,-138.46968,13.291693,5.4796243,156.29555,0.67207813,-104.008156,29.101025,-0.5052686,108.71587,20.812511,5.1887035,-84.19482,223.302,44.461548,144.25923,225.79207,-17.973042,-102.91474,383.8962,86.965355,154.23174,388.55612,17.412865,-35.463272,361.7381,34.9136,63.607056,360.34195,29.778553
to row,0.0,0.0,0.0,-3.4707956,-138.46968,13.291693,5.4796243,156.29555,0.67207813,-104.008156,29.101025,-0.5052686,108.71587,20.812511,5.1887035,-84.19482,223.302,44.461548,144.25923,225.79207,-17.973042,-102.91474,383.8962,86.965355,154.23174,388.55612,17.412865,-35.463272,361.7381,34.9136,63.607056,360.34195,29.778553
to row,0.0,0.0,0.0,-3.337954,-138.46811,13.318146,5.4796243,156.29555,0.67207813,-104.008156,29.101025,-0.5052686,108.71587,20.812511,5.1887035,-84.19482,223.302,44.461548,144.25923,225.79207,-17.973042,-102.91474,383.8962,86.965355,154.23174,388.55612,17.412865,-35.463272,361.7381,34.9136,63.607056,360.34195,29.778553
to row,0.0,0.0,0.0,-3.2965488,-138.46373,13.317978,5.4774337,156.30045,0.67124367,-103.9806,29.066978,-0.52421093,108.715614,20.740942,5.244696,-84.11408,223.6614,44.545246,144.34909,218.4792,-18.525457,-102.20929,384.18546,87.71462,153.5663,381.48135,15.970076,-35.465607,361.75497,34.907173,63.60216,360.34586,29.777218
to row,0.0,0.0,0.0,-3.2965488,-138.46373,13.317978,5.4725833,156.30356,0.6578922,-103.97384,29.044958,-0.58329105,108.72124,20.720852,5.265391,-84.06216,223.90858,44.276215,144.3893,218.18488,-18.640863,-102.16812,384.31903,87.95454,153.43692,381.17746,15.988517,-35.470078,361.7864,34.851265,63.58,360.3417,29.743504
to row,0.0,0.0,0.0,-3.2081842,-138.53117,13.38315,5.4797025,156.30461,0.64821243,-104.01559,29.048307,-0.602901,108.70194,20.684187,5.2925944,-84.06951,224.01059,44.271374,144.32968,221.42262,-17.934656,-101.964325,384.4182,88.07178,153.55917,384.41693,16.485607,-35.451653,361.8127,34.842587,63.60483,360.31955,29.70537
to row,0.0,0.0,0.0,-3.2081842,-138.53117,13.38315,5.4797025,156.30461,0.64821243,-104.01559,29.048307,-0.602901,108.70194,20.684187,5.2925944,-84.06951,224.01059,44.271374,144.32968,221.42262,-17.934656,-101.964325,384.4182,88.07178,153.55917,384.41693,16.485607,-35.451653,361.8127,34.842587,63.60483,360.31955,29.70537
to row,0.0,0.0,0.0,-3.2081842,-138.53117,13.38315,5.4797025,156.30461,0.64821243,-104.01559,29.048307,-0.602901,108.70194,20.684187,5.2925944,-84.06951,224.01059,44.271374,144.32968,221.42262,-17.934656,-101.964325,384.4182,88.07178,153.55917,384.41693,16.485607,-35.451653,361.8127,34.842587,63.60483,360.31955,29.70537
to row,0.0,0.0,0.0,-3.110557,-138.36255,13.25264,5.490743,156.3097,0.6286025,-104.005875,29.029943,-0.6306052,108.71692,20.672281,5.3111196,-83.93649,224.20573,44.12576,144.32526,221.07599,-18.122828,-102.113205,384.38593,88.7935,153.5065,384.05023,16.455233,-35.424397,361.81607,34.783672,63.64125,360.34344,29.651297
to row,0.0,0.0,0.0,-3.160046,-138.2408,13.134729,5.490743,156.3097,0.6286025,-104.005875,29.029943,-0.6306052,108.71692,20.672281,5.3111196,-83.93649,224.20573,44.12576,144.32526,221.07599,-18.122828,-102.113205,384.38593,88.7935,153.5065,384.05023,16.455233,-35.424397,361.81607,34.783672,63.64125,360.34344,29.651297
to row,0.0,0.0,0.0,-3.160046,-138.2408,13.134729,5.475603,156.30582,0.6136656,-104.055244,29.053125,-0.69936514,108.69217,20.657042,5.327642,-83.93061,224.37822,44.07928,144.35678,220.19684,-18.496084,-101.877205,384.5889,88.72633,153.5065,384.05023,16.455233,-35.424397,361.81607,34.783672,63.64125,360.34344,29.651297
to row,0.0,0.0,0.0,-3.160046,-138.2408,13.134729,5.475603,156.30582,0.6136656,-104.055244,29.053125,-0.69936514,108.69217,20.657042,5.327642,-83.93061,224.37822,44.07928,144.35678,220.19684,-18.496084,-101.877205,384.5889,88.72633,153.36282,383.15097,16.306282,-35.452972,361.78848,34.75747,63.64125,360.34344,29.651297
to row,0.0,0.0,0.0,-2.9243722,-138.2478,12.95507,5.46888,156.33276,0.59514046,-104.03812,28.995474,-0.7758856,108.682976,20.668707,5.3720355,-83.89471,224.85513,43.87325,144.28409,220.00739,-18.43108,-109.6427,386.32944,75.73096,153.22346,382.98044,16.286255,-35.463017,361.82755,34.704483,63.597317,360.4796,29.529715
to row,0.0,0.0,0.0,-2.8624759,-138.20418,12.912345,5.463608,156.33594,0.57536364,-104.077156,28.99345,-0.81443787,108.682976,20.668707,5.3720355,-83.89471,224.85513,43.87325,144.28409,220.00739,-18.43108,-109.6427,386.32944,75.73096,153.22346,382.98044,16.286255,-35.463017,361.82755,34.704483,63.597317,360.4796,29.529715
to row,0.0,0.0,0.0,-2.8624759,-138.20418,12.912345,5.463608,156.33594,0.57536364,-104.077156,28.99345,-0.81443787,108.65058,20.677277,5.404079,-83.89471,224.85513,43.87325,144.28409,220.00739,-18.43108,-109.6427,386.32944,75.73096,153.22346,382.98044,16.286255,-35.463017,361.82755,34.704483,63.597317,360.4796,29.529715
to row,0.0,0.0,0.0,-2.8003237,-138.12157,12.794601,5.463608,156.33594,0.57536364,-104.077156,28.99345,-0.81443787,108.65058,20.677277,5.404079,-85.711075,219.90312,44.46013,144.11867,220.73671,-18.294811,-102.15524,381.8201,81.58773,153.19151,383.70328,16.386223,-35.472088,361.82532,34.643234,63.57889,360.49673,29.49133
to row,0.0,0.0,0.0,-2.8623245,-138.08871,12.799525,5.4534063,156.32742,0.52804947,-104.10078,29.035988,-0.8825302,109.63615,21.53735,2.7247787,-87.69136,214.10059,44.004093,144.0008,221.96144,-18.390942,-100.214615,376.43286,81.09707,153.25578,384.85303,16.652084,-35.47472,361.76822,34.567047,63.575855,360.5207,29.442596
to row,0.0,0.0,0.0,-2.7785912,-138.17297,12.71249,5.4753475,156.3065,0.47163963,-104.103264,28.987448,-0.91073513,109.48227,21.29441,3.3171654,-85.49611,220.75998,42.861378,143.94933,223.02486,-18.278038,-100.70003,381.7413,85.452805,153.2355,385.90485,16.783428,-35.413345,361.746,34.348667,63.574646,360.4011,29.25718
to row,0.0,0.0,0.0,-2.7785912,-138.17297,12.71249,5.4753475,156.3065,0.47163963,-104.103264,28.987448,-0.91073513,109.48227,21.29441,3.3171654,-85.49611,220.75998,42.861378,143.94933,223.02486,-18.278038,-100.70003,381.7413,85.452805,153.2355,385.90485,16.783428,-35.413345,361.746,34.348667,63.574646,360.4011,29.25718
to row,0.0,0.0,0.0,-2.8186455,-138.21526,12.667763,5.4753475,156.3065,0.47163963,-104.103264,28.987448,-0.91073513,109.48227,21.29441,3.3171654,-85.49611,220.75998,42.861378,143.94933,223.02486,-18.278038,-100.70003,381.7413,85.452805,153.2355,385.90485,16.783428,-35.413345,361.746,34.348667,63.574646,360.4011,29.25718
to row,0.0,0.0,0.0,-2.8619857,-138.06566,12.467325,5.492094,156.32487,0.4042983,-104.110466,28.955612,-0.90589523,109.4471,21.29841,3.512597,-87.63568,213.02428,43.672146,143.90869,223.0712,-18.190838,-98.79633,375.07205,82.96068,153.17561,385.97696,16.73553,-35.4385,361.76508,34.22133,63.541676,360.42676,29.14344
to row,0.0,0.0,0.0,-2.8619857,-138.06566,12.467325,5.492094,156.32487,0.4042983,-104.09947,29.026058,-0.8869529,109.99891,21.499876,1.7490387,-86.30185,218.37276,42.342342,144.01541,223.87804,-17.893183,-99.75986,379.56638,84.79241,153.21552,386.80942,16.86871,-35.365936,361.7621,34.166336,63.600826,360.48846,29.108143
to row,0.0,0.0,0.0,-2.899985,-137.9984,12.337565,5.4890223,156.34575,0.37784576,-104.16338,29.063671,-0.83396435,109.852844,21.516838,2.149582,-86.24453,220.20177,41.79026,144.67506,211.72227,-18.331528,-102.44651,381.3995,82.83526,152.12161,375.085,14.714956,-35.36351,361.8005,34.061527,63.58202,360.55176,29.097378
to row,0.0,0.0,0.0,-2.899985,-137.9984,12.337565,5.4890223,156.34575,0.37784576,-104.16338,29.063671,-0.83396435,109.852844,21.516838,2.149582,-86.24453,220.20177,41.79026,144.67506,211.72227,-18.331528,-102.44651,381.3995,82.83526,152.12161,375.085,14.714956,-35.36351,361.8005,34.061527,63.58202,360.55176,29.097378
to row,0.0,0.0,0.0,-2.860494,-138.08043,12.228334,5.531356,156.3411,0.35072565,-103.95071,29.287693,-5.00679E-4,109.852844,21.516838,2.149582,-86.24453,220.20177,41.79026,144.67506,211.72227,-18.331528,-102.44651,381.3995,82.83526,152.12161,375.085,14.714956,-35.36351,361.8005,34.061527,63.58202,360.55176,29.097378
to row,0.0,0.0,0.0,-2.860494,-138.08043,12.228334,5.531356,156.3411,0.35072565,-103.95071,29.287693,-5.00679E-4,109.767654,21.366148,2.466011,-85.72397,221.74803,41.796017,144.84082,222.1161,-18.082691,-100.89201,382.53308,85.26705,152.87285,385.2084,16.095913,-35.36351,361.8005,34.061527,63.58202,360.55176,29.097378
to row,0.0,0.0,0.0,-2.7400336,-138.11943,11.981165,5.6025825,156.36118,0.3041625,-103.92239,29.276892,-0.14536381,109.78046,21.388199,2.7590752,-87.87634,214.54082,42.450405,144.89714,222.70782,-18.138515,-99.070755,376.30222,83.12899,153.0441,385.78333,16.10968,-35.13169,361.81287,33.92601,63.8047,360.57355,28.962528
to row,0.0,0.0,0.0,-2.7400336,-138.11943,11.981165,5.6025825,156.36118,0.3041625,-103.96586,29.285254,-0.20352602,109.75245,21.280146,3.004408,-86.81508,218.58522,41.5617,144.96515,223.5313,-17.985975,-99.728615,379.70068,84.57637,153.07257,386.6049,16.253794,-35.035744,361.90128,33.878864,63.89197,360.56354,28.924143
to row,0.0,0.0,0.0,-2.7400336,-138.11943,11.981165,5.6025825,156.36118,0.3041625,-103.96586,29.285254,-0.20352602,109.75245,21.280146,3.004408,-86.81508,218.58522,41.5617,144.96515,223.5313,-17.985975,-99.728615,379.70068,84.57637,153.07257,386.6049,16.253794,-35.035744,361.90128,33.878864,63.89197,360.56354,28.924143
to row,0.0,0.0,0.0,-2.7898147,-138.10596,11.923922,5.6025825,156.36118,0.3041625,-103.96586,29.285254,-0.20352602,109.75245,21.280146,3.004408,-86.81508,218.58522,41.5617,144.96515,223.5313,-17.985975,-99.728615,379.70068,84.57637,153.07257,386.6049,16.253794,-35.035744,361.90128,33.878864,63.89197,360.56354,28.924143
to row,0.0,0.0,0.0,-2.7898147,-138.10596,11.923922,5.604627,156.38953,0.27019978,-104.01926,29.284863,-0.27787685,109.75245,21.280146,3.004408,-86.81508,218.58522,41.5617,144.96515,223.5313,-17.985975,-99.728615,379.70068,84.57637,153.07257,386.6049,16.253794,-35.035744,361.90128,33.878864,63.89197,360.56354,28.924143
to row,0.0,0.0,0.0,-2.7571247,-137.97818,11.766624,5.6515603,156.37581,0.2505064,-104.01926,29.284863,-0.27787685,109.69178,21.201242,3.187406,-85.73882,220.94835,42.07406,144.91858,223.66049,-17.845118,-111.27065,383.04614,69.61641,153.08493,386.76184,16.192543,-35.023952,362.01096,33.740677,63.8773,360.62012,28.887344
to row,0.0,0.0,0.0,-2.7571247,-137.97818,11.766624,5.6515603,156.37581,0.2505064,-104.07071,29.251545,-0.315094,109.59323,21.1686,3.443253,-85.20586,222.21149,42.260