Stim,SpineShoulderX,SpineShoulderY,SpineShoulderZ,HeadX,HeadY,HeadZ,SpineMidX,SpineMidY,SpineMidZ,ShoulderLeftX,ShoulderLeftY,ShoulderLeftZ,ShoulderRightX,ShoulderRightY,ShoulderRightZ,ElbowLeftX,ElbowLeftY,ElbowLeftZ,ElbowRightX,ElbowRightY,ElbowRightZ,WristLeftX,WristLeftY,WristLeftZ,WristRightX,WristRightY,WristRightZ,HipLeftX,HipLeftY,HipLeftZ,HipRightX,HipRightY,HipRightZ,
to pull,0.0,0.0,0.0,-6.674719,-138.92079,0.85799694,5.964495,156.19595,4.9176693,-105.307106,35.72644,5.833328,110.27841,28.095936,3.0987859,-124.01394,203.62424,53.61905,142.30573,197.56427,41.77382,-116.67275,346.5801,144.87631,169.75838,329.8701,145.37975,-33.39996,362.42593,44.327034,64.79274,360.47195,39.79831
to pull,0.0,0.0,0.0,-6.674719,-138.92079,0.85799694,6.0503564,156.30672,4.8044324,-105.39356,35.90641,5.725932,109.811584,27.329496,4.737091,-123.83194,212.07832,50.643433,142.62848,198.8354,36.49825,-112.714195,357.69522,136.68462,167.86435,343.85107,120.3014,-33.14142,363.06534,43.8861,65.009186,360.6689,39.61097
to pull,0.0,0.0,0.0,-6.7716575,-138.81567,1.6270399,6.0503564,156.30672,4.8044324,-105.39356,35.90641,5.725932,109.811584,27.329496,4.737091,-123.83194,212.07832,50.643433,142.62848,198.8354,36.49825,-112.714195,357.69522,136.68462,167.86435,343.85107,120.3014,-33.14142,363.06534,43.8861,65.009186,360.6689,39.61097
to pull,0.0,0.0,0.0,-6.7716575,-138.81567,1.6270399,6.0364523,156.36826,4.6655774,-105.4778,35.82568,5.565965,109.986496,27.359447,3.6259174,-123.63042,212.22247,48.109913,142.8868,199.47604,33.282055,-112.3564,359.41827,131.11649,164.92178,346.20038,114.76356,-33.226276,363.17496,43.662296,64.96593,360.86475,39.373062
to pull,0.0,0.0,0.0,-6.4651012,-139.00436,2.5690675,6.0364523,156.36826,4.6655774,-105.4778,35.82568,5.565965,109.986496,27.359447,3.6259174,-123.63042,212.22247,48.109913,142.8868,199.47604,33.282055,-112.3564,359.41827,131.11649,164.92178,346.20038,114.76356,-33.226276,363.17496,43.662296,64.96593,360.86475,39.373062
to pull,0.0,0.0,0.0,-6.4651012,-139.00436,2.5690675,6.032499,156.42218,4.5919776,-105.4778,35.82568,5.565965,109.986496,27.359447,3.6259174,-123.63042,212.22247,48.109913,142.8868,199.47604,33.282055,-112.3564,359.41827,131.11649,164.92178,346.20038,114.76356,-33.226276,363.17496,43.662296,64.96593,360.86475,39.373062
to pull,0.0,0.0,0.0,-6.527811,-139.04987,3.5771847,5.961303,156.42558,4.4809937,-105.41249,35.355675,4.8748612,110.1184,26.944494,2.285266,-122.705215,212.20316,42.14624,143.7529,203.90216,26.939701,-112.70443,358.70187,127.23806,163.20529,349.5897,107.52883,-33.311672,363.25827,43.496155,64.94557,360.9554,39.260494
to pull,0.0,0.0,0.0,-6.527811,-139.04987,3.5771847,5.961303,156.42558,4.4809937,-105.41249,35.355675,4.8748612,110.1184,26.944494,2.285266,-122.705215,212.20316,42.14624,143.7529,203.90216,26.939701,-113.330154,361.10986,121.941376,160.71075,353.49103,103.807785,-33.52022,363.19644,43.257248,64.7643,360.98486,39.149677
to pull,0.0,0.0,0.0,-6.3545814,-139.12724,3.97197,5.904398,156.45546,4.371512,-105.41258,35.114647,4.5033574,110.1184,26.944494,2.285266,-122.705215,212.20316,42.14624,143.7529,203.90216,26.939701,-113.330154,361.10986,121.941376,160.71075,353.49103,103.807785,-33.52022,363.19644,43.257248,64.7643,360.98486,39.149677
to pull,0.0,0.0,0.0,-6.3545814,-139.12724,3.97197,5.904398,156.45546,4.371512,-105.41258,35.114647,4.5033574,110.06592,26.503069,1.7364383,-121.948616,212.20143,39.655365,144.45871,207.33348,23.1413,-112.85518,363.86047,113.48023,160.13145,356.41586,101.34995,-33.7493,363.2578,43.00641,64.60129,361.0842,38.949657
to pull,0.0,0.0,0.0,-6.094385,-139.09834,4.3693423,5.904398,156.45546,4.371512,-105.41258,35.114647,4.5033574,110.06592,26.503069,1.7364383,-121.948616,212.20143,39.655365,144.45871,207.33348,23.1413,-112.85518,363.86047,113.48023,160.13145,356.41586,101.34995,-33.7493,363.2578,43.00641,64.60129,361.0842,38.949657
to pull,0.0,0.0,0.0,-6.094385,-139.09834,4.3693423,5.9244514,156.44954,4.1886806,-105.41258,35.114647,4.5033574,110.06592,26.503069,1.7364383,-121.948616,212.20143,39.655365,144.45871,207.33348,23.1413,-112.85518,363.86047,113.48023,160.13145,356.41586,101.34995,-33.7493,363.2578,43.00641,64.60129,361.0842,38.949657
to pull,0.0,0.0,0.0,-5.9749627,-139.05655,4.9031496,5.913395,156.47643,4.075527,-105.270004,34.501396,3.6940932,109.7362,25.501883,2.8410196,-120.30521,213.38254,38.066708,144.2043,209.79527,20.93606,-113.527954,366.05695,109.728065,159.72006,359.10828,98.65104,-33.893288,363.37064,42.482113,64.64991,360.9424,38.375877
to pull,0.0,0.0,0.0,-5.9749627,-139.05655,4.9031496,5.913395,156.47643,4.075527,-105.270004,34.501396,3.6940932,109.7362,25.501883,2.8410196,-120.30521,213.38254,38.066708,144.2043,209.79527,20.93606,-113.527954,366.05695,109.728065,159.72006,359.10828,98.65104,-33.893288,363.37064,42.482113,64.64991,360.9424,38.375877
to pull,0.0,0.0,0.0,-5.7423086,-139.03468,5.199802,5.953517,156.47865,3.9537787,-105.16043,34.218464,3.3931017,109.89846,25.39881,2.0726442,-116.851974,219.86824,38.524746,144.27203,210.7747,20.353937,-115.41863,371.87082,111.92838,159.05202,360.5635,97.19215,-33.847607,363.3427,42.29553,64.7177,360.94092,38.142227
to pull,0.0,0.0,0.0,-5.7423086,-139.03468,5.199802,5.953517,156.47865,3.9537787,-105.16043,34.218464,3.3931017,109.89846,25.39881,2.0726442,-116.851974,219.86824,38.524746,144.27203,210.7747,20.353937,-115.41863,371.87082,111.92838,159.05202,360.5635,97.19215,-33.847607,363.3427,42.29553,64.7177,360.94092,38.142227
to pull,0.0,0.0,0.0,-5.7423086,-139.03468,5.199802,5.953517,156.47865,3.9537787,-105.16043,34.218464,3.3931017,109.89846,25.39881,2.0726442,-116.851974,219.86824,38.524746,144.27203,210.7747,20.353937,-115.41863,371.87082,111.92838,159.05202,360.5635,97.19215,-33.847607,363.3427,42.29553,64.7177,360.94092,38.142227
to pull,0.0,0.0,0.0,-5.6083245,-139.0214,5.6383133,5.899506,156.50981,3.8564801,-105.06388,34.007484,3.016591,109.40483,24.671486,3.8648248,-116.58265,218.86215,38.161755,144.24397,210.48709,20.050943,-116.28946,371.41675,110.27714,159.14565,360.29825,96.8153,-34.042164,363.32416,42.094673,64.614136,361.00296,37.923347
to pull,0.0,0.0,0.0,-5.6083245,-139.0214,5.6383133,5.899506,156.50981,3.8564801,-105.06388,34.007484,3.016591,109.40483,24.671486,3.8648248,-116.58265,218.86215,38.161755,144.24397,210.48709,20.050943,-116.28946,371.41675,110.27714,159.14565,360.29825,96.8153,-34.042164,363.32416,42.094673,64.614136,361.00296,37.923347
to pull,0.0,0.0,0.0,-5.598144,-138.93242,5.868542,5.8551073,156.51605,3.806746,-105.01234,33.789757,2.8632164,109.48236,24.807968,3.057146,-118.41557,211.7923,36.30916,144.13374,213.80513,20.624138,-120.631874,365.80853,104.8552,159.68716,363.80823,96.774414,-34.206375,363.2834,41.990532,64.49863,361.02945,37.79851
to pull,0.0,0.0,0.0,-5.634261,-138.83928,5.9426427,5.832561,156.51869,3.7106156,-105.01317,33.69158,2.6841402,109.49461,24.813053,2.5603056,-115.72526,225.14204,38.122536,144.08945,213.65327,20.420027,-122.44343,377.46353,110.23784,159.68716,363.80823,96.774414,-34.206375,363.2834,41.990532,64.49863,361.02945,37.79851
to pull,0.0,0.0,0.0,-5.634261,-138.83928,5.9426427,5.832561,156.51869,3.7106156,-105.01317,33.69158,2.6841402,109.49461,24.813053,2.5603056,-115.72526,225.14204,38.122536,144.08945,213.65327,20.420027,-122.44343,377.46353,110.23784,161.10109,366.3033,90.020584,-34.28667,363.2761,41.817295,64.43781,361.03033,37.615597
to pull,0.0,0.0,0.0,-5.7754107,-138.81416,6.1752915,5.832561,156.51869,3.7106156,-105.01317,33.69158,2.6841402,109.49461,24.813053,2.5603056,-115.72526,225.14204,38.122536,144.08945,213.65327,20.420027,-122.44343,377.46353,110.23784,161.10109,366.3033,90.020584,-34.28667,363.2761,41.817295,64.43781,361.03033,37.615597
to pull,0.0,0.0,0.0,-5.7754107,-138.81416,6.1752915,5.815632,156.5083,3.6718965,-104.99022,33.58225,2.5995255,108.96073,23.951807,4.1916013,-116.64415,222.89915,37.61493,144.0602,213.61179,20.335747,-124.49784,376.5671,106.30726,162.03137,367.1519,87.38977,-34.354317,363.24426,41.696465,64.372284,360.98038,37.570118
to pull,0.0,0.0,0.0,-5.7857738,-138.8154,6.3414335,5.867692,156.51878,3.565085,-104.89382,33.497105,2.39892,109.1741,24.225885,3.094697,-117.27263,222.15211,36.954285,144.10063,213.55074,19.922102,-124.52294,376.2261,104.70258,163.17136,368.11606,83.8609,-34.267265,363.2362,41.478336,64.4737,360.97025,37.394463
to pull,0.0,0.0,0.0,-5.841198,-138.7188,6.644428,5.867692,156.51878,3.565085,-104.89382,33.497105,2.39892,109.1741,24.225885,3.094697,-117.27263,222.15211,36.954285,144.10063,213.55074,19.922102,-124.52294,376.2261,104.70258,163.17136,368.11606,83.8609,-34.267265,363.2362,41.478336,64.4737,360.97025,37.394463
to pull,0.0,0.0,0.0,-5.841198,-138.7188,6.644428,5.8769236,156.548,3.5147667,-104.8377,33.50429,2.2563934,109.15305,24.205515,2.6512623,-117.868225,221.55609,36.589207,143.92857,214.6025,19.496775,-125.07567,376.20023,102.85783,164.66685,369.9324,80.6165,-34.25779,363.25906,41.35842,64.493004,361.02066,37.298416
to pull,0.0,0.0,0.0,-5.984533,-138.76826,6.7819476,5.8769236,156.548,3.5147667,-104.8377,33.50429,2.2563934,109.15305,24.205515,2.6512623,-117.868225,221.55609,36.589207,143.92857,214.6025,19.496775,-125.07567,376.20023,102.85783,164.66685,369.9324,80.6165,-34.25779,363.25906,41.35842,64.493004,361.02066,37.298416
to pull,0.0,0.0,0.0,-6.0599422,-138.7637,6.958103,5.707595,156.63837,3.445673,-104.76984,33.24892,2.0500302,108.99446,24.077747,3.1115532,-118.40862,220.85486,35.75891,143.73096,215.38545,18.18775,-125.52607,376.53387,99.21797,167.24747,371.97604,74.14063,-34.873466,363.57437,40.97699,63.934597,361.15283,37.14746
to pull,0.0,0.0,0.0,-6.0599422,-138.7637,6.958103,5.707595,156.63837,3.445673,-104.76984,33.24892,2.0500302,108.99446,24.077747,3.1115532,-118.40862,220.85486,35.75891,143.73096,215.38545,18.18775,-125.52607,376.53387,99.21797,167.24747,371.97604,74.14063,-34.873466,363.57437,40.97699,63.934597,361.15283,37.14746
to pull,0.0,0.0,0.0,-6.0599422,-138.7637,6.958103,5.707595,156.63837,3.445673,-104.76984,33.24892,2.0500302,108.99446,24.077747,3.1115532,-118.40862,220.85486,35.75891,143.73096,215.38545,18.18775,-125.52607,376.53387,99.21797,167.24747,371.97604,74.14063,-34.873466,363.57437,40.97699,63.934597,361.15283,37.14746
to pull,0.0,0.0,0.0,-6.0599422,-138.7637,6.958103,5.707595,156.63837,3.445673,-104.76984,33.24892,2.0500302,108.99446,24.077747,3.1115532,-118.40862,220.85486,35.75891,143.73096,215.38545,18.18775,-125.52607,376.53387,99.21797,167.24747,371.97604,74.14063,-34.873466,363.57437,40.97699,63.934597,361.15283,37.14746
to pull,0.0,0.0,0.0,-6.0154185,-138.88034,7.0095897,5.6079807,156.6227,3.3991933,-104.61183,32.99367,1.8104553,108.989456,23.722235,4.08746,-119.98128,219.38582,34.373367,143.90305,215.68564,17.303717,-119.704636,377.13107,92.31353,167.24747,371.97604,74.14063,-34.873466,363.57437,40.97699,63.934597,361.15283,37.14746
to pull,0.0,0.0,0.0,-6.0154185,-138.88034,7.0095897,5.6079807,156.6227,3.3991933,-104.61183,32.99367,1.8104553,108.989456,23.722235,4.08746,-119.98128,219.38582,34.373367,143.90305,215.68564,17.303717,-119.704636,377.13107,92.31353,168.74097,372.66907,71.23328,-35.10213,363.43573,40.751602,63.934597,361.15283,37.14746
to pull,0.0,0.0,0.0,-6.3351126,-138.9409,7.4997544,5.5473566,156.62721,3.3556342,-104.537834,32.824783,1.615107,108.87991,23.395035,4.809022,-118.835495,222.24272,34.555614,144.00842,216.02089,16.442966,-118.58148,380.43875,90.97997,169.32292,373.5033,68.331,-35.2192,363.401,40.602066,63.516926,361.1092,37.048412
to pull,0.0,0.0,0.0,-6.458608,-138.99084,7.659304,5.362486,156.67548,3.3403635,-104.521835,32.684196,1.5146375,108.82476,23.330359,5.3337336,-119.06736,221.24529,33.886456,143.9931,217.29721,15.397633,-118.10145,380.0978,88.126686,170.05574,374.65427,67.26189,-35.802315,363.4472,40.45261,62.92653,361.25546,36.9895
to pull,0.0,0.0,0.0,-6.458608,-138.99084,7.659304,5.250193,156.72124,3.2954693,-104.50675,32.5829,1.3587594,108.79924,23.225655,5.635643,-119.03919,221.1743,33.50936,143.76845,218.24619,14.7379875,-117.031364,380.38394,86.48913,170.764,375.70828,65.615486,-36.101288,363.58237,40.30166,62.562862,361.33716,36.90455
to pull,0.0,0.0,0.0,-6.458608,-138.99084,7.659304,5.250193,156.72124,3.2954693,-104.50675,32.5829,1.3587594,108.79924,23.225655,5.635643,-119.03919,221.1743,33.50936,143.76845,218.24619,14.7379875,-117.031364,380.38394,86.48913,170.764,375.70828,65.615486,-36.101288,363.58237,40.30166,62.562862,361.33716,36.90455
to pull,0.0,0.0,0.0,-6.458608,-138.99084,7.659304,5.250193,156.72124,3.2954693,-104.50675,32.5829,1.3587594,108.79924,23.225655,5.635643,-119.03919,221.1743,33.50936,143.76845,218.24619,14.7379875,-117.031364,380.38394,86.48913,170.764,375.70828,65.615486,-36.101288,363.58237,40.30166,62.562862,361.33716,36.90455
to pull,0.0,0.0,0.0,-6.516859,-139.1266,7.960546,5.250193,156.72124,3.2954693,-104.50675,32.5829,1.3587594,108.79924,23.225655,5.635643,-119.03919,221.1743,33.50936,143.76845,218.24619,14.7379875,-117.031364,380.38394,86.48913,170.764,375.70828,65.615486,-36.101288,363.58237,40.30166,62.562862,361.33716,36.90455
to pull,0.0,0.0,0.0,-6.516859,-139.1266,7.960546,5.250193,156.72124,3.2954693,-104.50675,32.5829,1.3587594,108.79924,23.225655,5.635643,-119.03919,221.1743,33.50936,143.76845,218.24619,14.7379875,-117.031364,380.38394,86.48913,170.764,375.70828,65.615486,-36.101288,363.58237,40.30166,62.562862,361.33716,36.90455
to pull,0.0,0.0,0.0,-6.7261376,-139.0281,8.281649,5.09116,156.77637,3.2299638,-104.344124,32.385025,1.1693358,108.74521,22.90438,6.265247,-117.73675,233.31703,32.234882,141.24599,223.13068,14.818764,-116.66041,392.21054,86.058044,170.96306,380.52814,63.964417,-36.45182,363.583,40.081524,62.17449,361.5037,36.80291
to pull,0.0,0.0,0.0,-6.908969,-139.11444,8.4846735,5.059111,156.81029,3.1731367,-104.31856,32.114857,1.1343718,108.72208,22.889797,6.4707756,-117.73675,233.31703,32.234882,141.24599,223.13068,14.818764,-116.66041,392.21054,86.058044,170.96306,380.52814,63.964417,-36.45182,363.583,40.081524,62.17449,361.5037,36.80291
to pull,0.0,0.0,0.0,-6.908969,-139.11444,8.4846735,5.059111,156.81029,3.1731367,-104.31856,32.114857,1.1343718,108.72208,22.889797,6.4707756,-117.53119,233.6175,32.126488,141.19193,226.18448,14.341366,-116.22022,392.6829,85.33874,171.10199,383.49994,63.58615,-36.520042,363.6062,39.978134,62.068058,361.60083,36.67607
to pull,0.0,0.0,0.0,-6.8969994,-139.24489,8.491266,5.1219096,156.77945,3.0981183,-104.268616,31.993576,1.0313988,108.79401,22.788202,6.499815,-126.7617,241.26279,27.924955,141.20624,226.1537,14.175976,-112.570206,397.51053,88.375854,169.2915,384.24072,61.70527,-36.400215,363.542,39.859726,62.202484,361.57272,36.538387
to pull,0.0,0.0,0.0,-6.9008274,-139.3668,8.560944,5.166199,156.77539,3.0678272,-104.24537,31.867302,0.9856701,108.813385,22.700693,6.64835,-123.02132,239.8126,29.239738,140.59302,225.3212,14.418972,-113.62598,397.16528,87.31508,167.30602,384.08047,60.174023,-36.2717,363.59903,39.819836,62.304924,361.52823,36.47163
to pull,0.0,0.0,0.0,-6.9008274,-139.3668,8.560944,5.166199,156.77539,3.0678272,-104.24537,31.867302,0.9856701,108.813385,22.700693,6.64835,-123.02132,239.8126,29.239738,140.59302,225.3212,14.418972,-113.62598,397.16528,87.31508,167.30602,384.08047,60.174023,-36.2717,363.59903,39.819836,62.304924,361.52823,36.47163
to pull,0.0,0.0,0.0,-6.9008274,-139.3668,8.560944,5.166199,156.77539,3.0678272,-104.24537,31.867302,0.9856701,108.813385,22.700693,6.64835,-123.02132,239.8126,29.239738,140.59302,225.3212,14.418972,-113.62598,397.16528,87.31508,167.30602,384.08047,60.174023,-36.2717,363.59903,39.819836,62.304924,361.52823,36.47163
to pull,0.0,0.0,0.0,-6.9593496,-139.38733,8.631873,5.166199,156.77539,3.0678272,-104.24537,31.867302,0.9856701,108.813385,22.700693,6.64835,-123.02132,239.8126,29.239738,140.59302,225.3212,14.418972,-113.62598,397.16528,87.31508,167.30602,384.08047,60.174023,-36.2717,363.59903,39.819836,62.304924,361.52823,36.47163
to pull,0.0,0.0,0.0,-6.9593496,-139.38733,8.631873,5.2434864,156.74762,3.0301094,-104.19264,31.792732,0.92658997,108.84822,22.599962,6.7587495,-122.95959,239.8359,29.120577,139.7708,225.45158,14.511431,-113.47221,397.24112,87.013176,163.98283,384.85245,59.23592,-36.039886,363.55276,39.76234,62.514214,361.49792,36.39152
to pull,0.0,0.0,0.0,-6.9106326,-139.42656,8.598078,5.3217015,156.74223,2.9883027,-104.15309,31.725506,0.86025,108.91488,22.570658,6.8594694,-122.33159,239.85721,29.058075,139.34195,226.05795,14.557409,-113.48142,397.3573,86.75032,162.01329,385.75052,58.98633,-35.856743,363.54373,39.72838,62.722168,361.54227,36.298645
to pull,0.0,0.0,0.0,-7.018289,-139.49435,8.672929,5.3217015,156.74223,2.9883027,-104.15309,31.725506,0.86025,108.91488,22.570658,6.8594694,-122.33159,239.85721,29.058075,139.34195,226.05795,14.557409,-113.48142,397.3573,86.75032,162.01329,385.75052,58.98633,-35.856743,363.54373,39.72838,62.722168,361.54227,36.298645
to pull,0.0,0.0,0.0,-7.018289,-139.49435,8.672929,5.3532915,156.7617,2.9648542,-104.16193,31.640253,0.8155227,108.90903,22.517778,6.950927,-121.592155,239.8314,29.422152,139.18564,226.12346,14.542389,-113.084206,397.41827,86.88992,160.5771,386.0567,58.69168,-35.708603,363.6311,39.696754,62.83983,361.57327,36.249496
to pull,0.0,0.0,0.0,-7.018289,-139.49435,8.672929,5.3532915,156.7617,2.9648542,-104.16193,31.640253,0.8155227,108.90903,22.517778,6.950927,-121.592155,239.8314,29.422152,139.18564,226.12346,14.542389,-113.084206,397.41827,86.88992,160.5771,386.0567,58.69168,-35.708603,363.6311,39.696754,62.83983,361.57327,36.249496
to pull,0.0,0.0,0.0,-7.0079575,-139.48958,8.665752,5.39417,156.76831,2.9548407,-104.159134,31.621876,0.7856488,108.90568,22.493198,7.016933,-113.6249,231.34505,34.422016,138.69827,225.7106,14.588952,-113.86775,391.4609,83.76202,158.91159,385.82755,58.62342,-35.54625,363.62744,39.747154,63.033882,361.65164,36.194756
to pull,0.0,0.0,0.0,-6.9976254,-139.53595,8.609592,5.39417,156.76831,2.9548407,-104.159134,31.621876,0.7856488,108.90568,22.493198,7.016933,-113.6249,231.34505,34.422016,138.69827,225.7106,14.588952,-113.86775,391.4609,83.76202,158.91159,385.82755,58.62342,-35.54625,363.62744,39.747154,63.033882,361.65164,36.194756
to pull,0.0,0.0,0.0,-6.9976254,-139.53595,8.609592,5.440957,156.76665,2.9555917,-104.14316,31.501692,0.7412553,108.91588,22.405485,7.0643306,-113.47813,230.48256,34.447132,138.17523,225.8242,14.863741,-111.796326,390.3523,84.77472,157.79414,386.05582,58.71588,-35.39235,363.64145,39.841534,63.172054,361.61166,36.15787
to pull,0.0,0.0,0.0,-6.98587,-139.55246,8.589816,5.460624,156.77591,2.9532552,-104.116806,31.474337,0.7369995,108.92673,22.393667,7.0967913,-113.24535,234.28072,34.63864,137.85204,226.0343,14.942848,-110.1232,393.6498,86.69457,156.64426,386.32318,58.98516,-35.339287,363.6597,39.85847,63.222763,361.6459,36.127914
to pull,0.0,0.0,0.0,-6.98587,-139.55246,8.589816,5.460624,156.77591,2.9532552,-104.116806,31.474337,0.7369995,108.92673,22.393667,7.0967913,-113.24535,234.28072,34.63864,137.85204,226.0343,14.942848,-110.1232,393.6498,86.69457,156.64426,386.32318,58.98516,-35.339287,363.6597,39.85847,63.222763,361.6459,36.127914
to pull,0.0,0.0,0.0,-6.929429,-139.6006,8.543754,5.460624,156.77591,2.9532552,-104.116806,31.474337,0.7369995,108.92673,22.393667,7.0967913,-113.24535,234.28072,34.63864,137.85204,226.0343,14.942848,-110.1232,393.6498,86.69457,156.64426,386.32318,58.98516,-35.339287,363.6597,39.85847,63.222763,361.6459,36.127914
to pull,0.0,0.0,0.0,-6.9654098,-139.63947,8.489096,5.530245,156.76822,2.9469132,-104.05613,31.416502,0.71930885,108.99201,22.357555,7.09821,-114.150185,235.23737,34.130455,137.71965,226.35406,15.063513,-108.91275,394.2769,87.20226,156.3381,386.62512,59.26888,-35.114643,363.69434,39.945175,63.432182,361.60748,36.109386
to pull,0.0,0.0,0.0,-6.977207,-139.67403,8.47683,5.5469604,156.77296,2.9480815,-104.50859,31.576141,1.7373562,108.991806,22.356836,7.110727,-113.15269,234.98047,34.947227,137.63995,226.38988,15.051662,-107.429756,394.20602,87.31108,156.07698,386.65182,59.39213,-35.019592,363.676,39.98214,63.542305,361.65747,36.08085
to pull,0.0,0.0,0.0,-6.977207,-139.67403,8.47683,5.5662103,156.77419,2.9470801,-104.45733,31.337442,1.668179,108.98231,22.373917,7.1300864,-113.047844,232.63637,34.592583,137.49777,224.55333,14.704776,-110.460724,392.85428,83.490395,155.60872,384.87735,58.991337,-34.899475,363.63498,40.008343,63.70837,361.66928,35.970116
to pull,0.0,0.0,0.0,-6.977207,-139.67403,8.47683,5.5662103,156.77419,2.9470801,-104.45733,31.337442,1.668179,108.98231,22.373917,7.1300864,-113.047844,232.63637,34.592583,137.49777,224.55333,14.704776,-110.460724,392.85428,83.490395,155.60872,384.87735,58.991337,-34.899475,363.63498,40.008343,63.70837,361.66928,35.970116
to pull,0.0,0.0,0.0,-6.971366,-139.69595,8.441364,5.5765734,156.77635,2.9461622,-104.422035,31.160948,1.6384721,108.97204,22.356731,7.1373463,-115.40392,228.49966,32.35905,137.34427,224.8758,14.72739,-108.41994,388.15054,83.158615,155.45912,385.21326,58.942436,-34.858665,363.62305,40.021194,63.78489,361.67105,35.899605
to pull,0.0,0.0,0.0,-6.971366,-139.69595,8.441364,5.5765734,156.77635,2.9461622,-104.422035,31.160948,1.6384721,108.97204,22.356731,7.1373463,-115.40392,228.49966,32.35905,137.34427,224.8758,14.72739,-108.41994,388.15054,83.158615,155.45912,385.21326,58.942436,-34.858665,363.62305,40.021194,63.78489,361.67105,35.899605
to pull,0.0,0.0,0.0,-7.000212,-139.6827,8.374941,5.6049867,156.76323,2.9473305,-104.393654,31.102869,1.5958309,108.997925,22.334759,7.138264,-112.66226,235.23288,34.528244,137.02579,225.39182,14.849973,-108.41994,388.15054,83.158615,155.45912,385.21326,58.942436,-34.858665,363.62305,40.021194,63.78489,361.67105,35.899605
to pull,0.0,0.0,0.0,-6.9609823,-139.72185,8.266127,5.63061,156.77496,2.947998,-104.36579,30.970837,1.5609503,108.997574,22.333054,7.1389318,-112.47935,235.64214,34.508717,137.12172,226.49248,14.225876,-108.81957,395.50412,84.6609,155.49324,386.64978,59.06285,-34.69183,363.61172,40.09838,63.98617,361.67484,35.79538
to pull,0.0,0.0,0.0,-6.9609823,-139.72185,8.266127,5.63061,156.77496,2.947998,-104.36579,30.970837,1.5609503,108.997574,22.333054,7.1389318,-112.47935,235.64214,34.508717,137.12172,226.49248,14.225876,-108.81957,395.50412,84.6609,155.49324,386.64978,59.06285,-34.69183,363.61172,40.09838,63.98617,361.67484,35.79538
to pull,0.0,0.0,0.0,-6.91856,-139.74954,8.246601,5.63061,156.77496,2.947998,-104.36579,30.970837,1.5609503,108.997574,22.333054,7.1389318,-112.47935,235.64214,34.508717,137.12172,226.49248,14.225876,-108.81957,395.50412,84.6609,155.49324,386.64978,59.06285,-34.69183,363.61172,40.09838,63.98617,361.67484,35.79538
to pull,0.0,0.0,0.0,-6.91856,-139.74954,8.246601,5.63061,156.77496,2.947998,-104.36579,30.970837,1.5609503,108.997574,22.333054,7.1389318,-112.47935,235.64214,34.508717,137.12172,226.49248,14.225876,-108.81957,395.50412,84.6609,155.49324,386.64978,59.06285,-34.69183,363.61172,40.09838,63.98617,361.67484,35.79538
to pull,0.0,0.0,0.0,-6.91856,-139.74954,8.246601,5.63061,156.77496,2.947998,-104.36579,30.970837,1.5609503,108.997574,22.333054,7.1389318,-112.47935,235.64214,34.508717,137.12172,226.49248,14.225876,-108.81957,395.50412,84.6609,155.49324,386.64978,59.06285,-34.69183,363.61172,40.09838,63.98617,361.67484,35.79538
to pull,0.0,0.0,0.0,-6.91856,-139.74954,8.246601,5.64671,156.78773,2.9522538,-104.36579,30.970837,1.5609503,108.997574,22.333054,7.1389318,-112.47935,235.64214,34.508717,137.12172,226.49248,14.225876,-108.81957,395.50412,84.6609,155.49324,386.64978,59.06285,-34.69183,363.61172,40.09838,63.98617,361.67484,35.79538
to pull,0.0,0.0,0.0,-6.91856,-139.74954,8.246601,5.64671,156.78773,2.9522538,-104.3339,30.91478,1.5460968,108.997574,22.333054,7.1389318,-112.47935,235.64214,34.508717,137.12172,226.49248,14.225876,-108.81957,395.50412,84.6609,155.49324,386.64978,59.06285,-34.69183,363.61172,40.09838,63.98617,361.67484,35.79538
to pull,0.0,0.0,0.0,-6.91856,-139.74954,8.246601,5.64671,156.78773,2.9522538,-104.3339,30.91478,1.5460968,109.00508,22.356148,7.144773,-112.47935,235.64214,34.508717,137.12172,226.49248,14.225876,-108.81957,395.50412,84.6609,155.49324,386.64978,59.06285,-34.69183,363.61172,40.09838,63.98617,361.67484,35.79538
to pull,0.0,0.0,0.0,-6.91856,-139.74954,8.246601,5.64671,156.78773,2.9522538,-104.3339,30.91478,1.5460968,109.00508,22.356148,7.144773,-112.24756,235.62476,34.49061,137.10542,226.48575,14.19909,-108.81957,395.50412,84.6609,155.49324,386.64978,59.06285,-34.69183,363.61172,40.09838,63.98617,361.67484,35.79538
to pull,0.0,0.0,0.0,-6.91856,-139.74954,8.246601,5.64671,156.78773,2.9522538,-104.3339,30.91478,1.5460968,109.00508,22.356148,7.144773,-112.24756,235.62476,34.49061,137.10542,226.48575,14.19909,-108.81957,395.50412,84.6609,155.49324,386.64978,59.06285,-34.69183,363.61172,40.09838,63.98617,361.67484,35.79538
to pull,0.0,0.0,0.0,-6.9095635,-139.76428,8.180677,5.6594462,156.80032,2.9532552,-104.31585,30.881329,1.5482664,109.00969,22.363031,7.150948,-112.284966,236.28333,34.654,137.3689,226.54207,13.922966,-107.90966,395.9351,85.53867,155.36464,386.7124,58.89212,-34.637653,363.54117,40.166306,64.007416,361.7027,35.790207
to pull,0.0,0.0,0.0,-6.9095635,-139.76428,8.180677,5.6594462,156.80032,2.9532552,-104.31585,30.881329,1.5482664,109.00969,22.363031,7.150948,-112.284966,236.28333,34.654,137.3689,226.54207,13.922966,-107.90966,395.9351,85.53867,155.36464,386.7124,58.89212,-34.60117,363.5464,40.196014,64.007416,361.7027,35.790207
to pull,0.0,0.0,0.0,-6.8462796,-139.92047,8.00227,5.7073965,156.79768,2.943325,-104.21373,30.73667,1.508379,109.06206,22.355146,7.1683884,-113.034485,236.80557,34.13321,137.30458,226.61642,13.875484,-107.29764,396.19113,85.868286,155.34346,386.8677,58.46337,-34.60117,363.5464,40.196014,64.04394,361.72678,35.777187
to pull,0.0,0.0,0.0,-6.9943295,-140.17715,7.484567,5.7073965,156.79768,2.943325,-104.21373,30.73667,1.508379,109.06206,22.355146,7.1683884,-113.034485,236.80557,34.13321,137.30458,226.61642,13.875484,-107.29764,396.19113,85.868286,155.34346,386.8677,58.46337,-34.50217,363.53052,40.16572,64.17126,361.71255,35.60295
to pull,0.0,0.0,0.0,-7.033956,-140.24695,7.4121356,5.65773,156.6863,2.6144624,-104.78264,30.854782,2.1959782,108.8844,22.134243,6.74181,-115.28096,227.99403,32.6789,136.89539,227.69722,12.971091,-103.49919,386.93927,85.17251,155.33505,387.79037,58.016766,-34.51193,363.3377,39.749992,64.192314,361.60635,35.028503
to pull,0.0,0.0,0.0,-7.0720024,-140.23465,7.3967814,5.6764746,156.70636,2.6219726,-104.78264,30.854782,2.1959782,108.8844,22.134243,6.74181,-115.28096,227.99403,32.6789,136.89539,227.69722,12.971091,-103.49919,386.93927,85.17251,155.33505,387.79037,58.016766,-34.51193,363.3377,39.749992,64.192314,361.60635,35.028503
to pull,0.0,0.0,0.0,-7.0720024,-140.23465,7.3967814,5.6764746,156.70636,2.6219726,-104.71782,30.76986,2.1364808,108.88857,22.154661,6.7684293,-113.84151,231.5767,33.334126,137.00113,227.66153,12.867033,-103.57758,390.46756,86.27459,155.27289,387.74374,58.04706,-34.467358,363.37152,39.77269,64.27751,361.65555,34.94055
to pull,0.0,0.0,0.0,-6.9470725,-140.25954,7.027447,5.7885065,156.70253,2.3640394,-104.57854,30.733004,1.689291,109.00135,22.153696,6.4514995,-113.22155,233.0998,33.268536,136.97275,227.7457,12.604094,-103.57977,391.99658,86.27375,155.40881,387.8238,57.71569,-34.315487,363.3534,39.415707,64.43384,361.6427,34.53475
to pull,0.0,0.0,0.0,-6.9536753,-140.26968,7.02945,5.796549,156.72012,2.395749,-104.528915,30.683847,1.6405582,108.99071,22.158583,6.5215945,-112.50041,234.47186,33.808853,136.96869,227.74825,12.669516,-103.678604,393.4458,86.65577,155.40402,387.83423,57.7474,-34.2916,363.38065,39.453922,64.443954,361.6609,34.569965
to pull,0.0,0.0,0.0,-6.9536753,-140.26968,7.02945,5.796549,156.72012,2.395749,-104.528915,30.683847,1.6405582,108.99071,22.158583,6.5215945,-112.50041,234.47186,33.808853,136.96869,227.74825,12.669516,-103.678604,393.4458,86.65577,155.40402,387.83423,57.7474,-34.2916,363.38065,39.453922,64.443954,361.6609,34.569965
to pull,0.0,0.0,0.0,-6.9648886,-140.3761,7.015431,5.7938523,156.71976,2.4145246,-104.49267,30.565239,1.5857339,108.9772,22.158255,6.563902,-113.49734,235.81543,33.024956,137.22534,227.86374,12.442959,-103.32446,394.32065,87.23748,155.30861,387.89737,57.921803,-34.296654,363.36038,39.468693,64.43888,361.65152,34.57948
to pull,0.0,0.0,0.0,-6.9648886,-140.3761,7.015431,5.7938523,156.71976,2.4145246,-104.49267,30.565239,1.5857339,108.9772,22.158255,6.563902,-113.49734,235.81543,33.024956,137.22534,227.86374,12.442959,-103.32446,394.32065,87.23748,155.30861,387.89737,57.921803,-34.296654,363.36038,39.468693,64.43888,361.65152,34.57948
to pull,0.0,0.0,0.0,-6.9648886,-140.3761,7.015431,5.7938523,156.71976,2.4145246,-104.49267,30.565239,1.5857339,108.9772,22.158255,6.563902,-113.49734,235.81543,33.024956,137.22534,227.86374,12.442959,-103.32446,394.32065,87.23748,155.30861,387.89737,57.921803,-34.296654,363.36038,39.468693,64.43888,361.65152,34.57948
to pull,0.0,0.0,0.0,-6.9705734,-140.3837,7.0370436,5.7938523,156.71976,2.4145246,-104.49267,30.565239,1.5857339,108.9772,22.158255,6.563902,-113.49734,235.81543,33.024956,137.22534,227.86374,12.442959,-103.32446,394.32065,87.23748,155.30861,387.89737,57.921803,-34.296654,363.36038,39.468693,64.43888,361.65152,34.57948
to pull,0.0,0.0,0.0,-6.9705734,-140.3837,7.0370436,5.833787,156.75604,2.4171948,-104.48955,30.556194,1.5014529,108.99838,22.174656,6.640172,-112.88179,235.47087,33.08737,137.2823,227.47871,12.41926,-103.50687,394.06284,87.15753,155.12997,387.5452,57.883083,-34.160683,363.46994,39.39401,64.54867,361.73236,34.502293
to pull,0.0,0.0,0.0,-6.983977,-140.38998,7.0297837,5.833787,156.75604,2.4171948,-104.48955,30.556194,1.5014529,108.99838,22.174656,6.640172,-112.88179,235.47087,33.08737,137.2823,227.47871,12.41926,-103.50687,394.06284,87.15753,155.12997,387.5452,57.883083,-34.160683,363.46994,39.39401,64.54867,361.73236,34.502293
to pull,0.0,0.0,0.0,-6.983977,-140.38998,7.0297837,5.834882,156.78223,2.4335504,-104.481926,30.537424,1.4184237,108.99338,22.20294,6.698668,-112.64582,236.03949,33.28706,137.43176,227.00183,12.346745,-103.5815,394.68042,87.230385,154.9841,387.10577,57.80665,-34.15945,363.4914,39.398182,64.54483,361.77078,34.52624
to pull,0.0,0.0,0.0,-7.0003843,-140.40593,7.0488095,5.834882,156.78223,2.4335504,-104.481926,30.537424,1.4184237,108.99338,22.20294,6.698668,-112.64582,236.03949,33.28706,137.43176,227.00183,12.346745,-103.5815,394.68042,87.230385,154.9841,387.10577,57.80665,-34.15945,363.4914,39.398182,64.54483,361.77078,34.52624
to pull,0.0,0.0,0.0,-7.0003843,-140.40593,7.0488095,5.8264956,156.79185,2.4531603,-104.481926,30.537424,1.4184237,108.99338,22.20294,6.698668,-112.64582,236.03949,33.28706,137.43176,227.00183,12.346745,-103.5815,394.68042,87.230385,154.9841,387.10577,57.80665,-34.15945,363.4914,39.398182,64.54483,361.77078,34.52624
to pull,0.0,0.0,0.0,-7.0003843,-140.40593,7.0488095,5.8264956,156.79185,2.4531603,-104.46326,30.527119,1.4086604,109.23131,22.54616,4.2220592,-112.41233,236.50859,33.46213,137.79886,228.29703,12.252033,-103.5815,394.68042,87.230385,154.9841,387.10577,57.80665,-34.15945,363.4914,39.398182,64.54483,361.77078,34.52624
to pull,0.0,0.0,0.0,-7.00984,-140.36438,7.106471,5.833552,156.8217,2.4678469,-104.46326,30.527119,1.4086604,109.23131,22.54616,4.2220592,-112.41233,236.50859,33.46213,137.79886,228.29703,12.252033,-103.650734,395.17377,87.36231,155.00876,388.31134,58.22221,-34.171974,363.43045,39.411533,64.521774,361.8012,34.543766
to pull,0.0,0.0,0.0,-7.061024,-140.34807,7.141936,5.8653817,156.836,2.470684,-104.453995,30.504301,1.3873816,109.11156,22.440485,4.71673,-110.63926,232.99025,34.716667,137.59041,227.72244,12.522066,-104.9195,392.71277,85.29167,154.83775,387.8439,58.032787,-34.099304,363.50607,39.428722,64.62952,361.87094,34.486435
to pull,0.0,0.0,0.0,-7.061024,-140.34807,7.141936,5.8653817,156.836,2.470684,-104.453995,30.504301,1.3873816,109.11156,22.440485,4.71673,-110.63926,232.99025,34.716667,137.59041,227.72244,12.522066,-104.9195,392.71277,85.29167,154.83775,387.8439,58.032787,-34.099304,363.50607,39.428722,64.62952,361.87094,34.486435
to pull,0.0,0.0,0.0,-7.0770354,-140.35582,7.1772337,5.8653817,156.836,2.470684,-104.453995,30.504301,1.3873816,109.11156,22.440485,4.71673,-110.63926,232.99025,34.716667,137.59041,227.72244,12.522066,-104.9195,392.71277,85.29167,154.83775,387.8439,58.032787,-34.099304,363.50607,39.428722,64.62952,361.87094,34.486435
to pull,0.0,0.0,0.0,-7.0770354,-140.35582,7.1772337,5.885581,156.83734,2.4783611,-104.453995,30.504301,1.3873816,109.11156,22.440485,4.71673,-110.63926,232.99025,34.716667,137.59041,227.72244,12.522066,-104.9195,392.71277,85.29167,154.83775,387.8439,58.032787,-34.099304,363.50607,39.428722,64.62952,361.87094,34.486435
to pull,0.0,0.0,0.0,-7.059981,-140.3609,7.165885,5.9161534,156.85545,2.4827003,-104.67367,31.73362,2.7634978,109.085045,22.299095,5.1761866,-110.738075,235.58537,34.85527,137.7218,228.08385,12.6462345,-104.7598,395.11777,86.05137,154.87582,388.24554,58.016514,-33.890568,363.60828,39.388584,64.8528,361.8963,34.486603
to pull,0.0,0.0,0.0,-7.059981,-140.3609,7.165885,5.9161534,156.85545,2.4827003,-104.67367,31.73362,2.7634978,109.085045,22.299095,5.1761866,-110.738075,235.58537,34.85527,137.7218,228.08385,12.6462345,-104.7598,395.11777,86.05137,154.87582,388.24554,58.016514,-33.890568,363.60828,39.388584,64.8528,361.8963,34.486603
to pull,0.0,0.0,0.0,-7.016839,-140.35345,7.1244955,5.922569,156.85825,2.4877906,-104.53633,31.49911,2.472937,109.091034,22.325304,5.3142905,-110.64649,236.92644,34.84092,137.77759,228.12506,12.638807,-104.74833,396.3259,86.50582,154.86559,388.29523,58.002914,-33.87229,363.53714,39.373898,64.85523,361.9161,34.486435
to pull,0.0,0.0,0.0,-7.016839,-140.35345,7.1244955,5.922569,156.85825,2.4877906,-104.53633,31.49911,2.472937,109.091034,22.325304,5.3142905,-110.64649,236.92644,34.84092,137.77759,228.12506,12.638807,-104.74833,396.3259,86.50582,154.86559,388.29523,58.002914,-33.87229,363.53714,39.373898,64.85523,361.9161,34.486435
to pull,0.0,0.0,0.0,-7.016839,-140.35345,7.1244955,5.922569,156.85825,2.4877906,-104.53633,31.49911,2.472937,109.091034,22.325304,5.3142905,-110.64649,236.92644,34.84092,137.77759,228.12506,12.638807,-104.74833,396.3259,86.50582,154.86559,388.29523,58.002914,-33.87229,363.53714,39.373898,64.85523,361.9161,34.486435
to pull,0.0,0.0,0.0,-7.016839,-140.35345,7.1244955,5.922569,156.85825,2.4877906,-104.53633,31.49911,2.472937,109.091034,22.325304,5.3142905,-110.64649,236.92644,34.84092,137.77759,228.12506,12.638807,-104.74833,396.3259,86.50582,154.86559,388.29523,58.002914,-33.87229,363.53714,39.373898,64.85523,361.9161,34.486435
to pull,0.0,0.0,0.0,-6.990939,-140.35762,7.1101427,5.9624352,156.85272,2.4793625,-104.42435,31.320408,2.331245,109.09369,22.306648,5.4166794,-112.285866,237.68816,33.834885,138.07089,228.64008,12.570214,-104.20685,396.6022,86.946,154.89146,388.80634,58.061073,-33.766727,363.4848,39.34002,64.98299,361.90366,34.438957
to pull,0.0,0.0,0.0,-6.998371,-140.36723,7.118404,5.981456,156.86084,2.4872065,-104.38511,31.28051,2.2346973,109.06419,22.284634,5.522907,-114.80852,219.48996,32.449593,138.48308,229.07584,12.224078,-104.71069,379.5054,81.52673,154.85954,389.16483,58.234226,-33.732826,363.4819,39.35262,65.01788,361.92566,34.445633
to pull,0.0,0.0,0.0,-6.9459825,-140.34193,7.0462227,5.981456,156.86084,2.4872065,-104.38511,31.28051,2.2346973,109.06419,22.284634,5.522907,-114.80852,219.48996,32.449593,138.48308,229.07584,12.224078,-104.71069,379.5054,81.52673,154.85954,389.16483,58.234226,-33.732826,363.4819,39.35262,65.01788,361.92566,34.445633
to pull,0.0,0.0,0.0,-6.985818,-140.32314,7.091701,6.0412397,156.87312,2.505815,-104.31989,31.106577,2.0382643,109.01071,22.25876,5.761564,-114.88412,233.22382,32.61757,138.74977,229.16342,12.156403,-103.58406,391.97775,85.78826,154.76312,389.28207,58.19651,-33.634834,363.51895,39.33518,65.088036,361.92383,34.4589
to pull,0.0,0.0,0.0,-6.985818,-140.32314,7.091701,6.0412397,156.87312,2.505815,-104.31989,31.106577,2.0382643,109.01071,22.25876,5.761564,-116.528305,228.7336,30.282486,138.8764,229.36191,12.183941,-103.72337,387.09232,84.575035,154.8163,389.4661,58.311916,-33.59707,363.50412,39.373062,65.158134,361.9357,34.48677
to pull,0.0,0.0,0.0,-6.985818,-140.32314,7.091701,6.0412397,156.87312,2.505815,-104.31989,31.106577,2.0382643,109.01071,22.25876,5.761564,-116.528305,228.7336,30.282486,138.8764,229.36191,12.183941,-103.72337,387.09232,84.575035,154.8163,389.4661,58.311916,-33.59707,363.50412,39.373062,65.158134,361.9357,34.48677
to pull,0.0,0.0,0.0,-6.985818,-140.32314,7.091701,6.0412397,156.87312,2.505815,-104.31989,31.106577,2.0382643,109.01071,22.25876,5.761564,-116.528305,228.7336,30.282486,138.8764,229.36191,12.183941,-103.72337,387.09232,84.575035,154.8163,389.4661,58.311916,-33.59707,363.50412,39.373062,65.158134,361.9357,34.48677
to pull,0.0,0.0,0.0,-6.8640904,-140.32506,7.027948,6.0602555,156.87611,2.5132418,-104.31056,31.100464,1.9718409,109.00485,22.276217,5.820143,-111.930115,228.68343,33.10281,139.27008,229.52621,12.021136,-104.70841,388.22827,84.264114,154.75923,389.61432,58.40254,-33.59707,363.50412,39.373062,65.158134,361.9357,34.48677
to pull,0.0,0.0,0.0,-6.8040557,-140.33478,7.009256,6.0602555,156.87611,2.5132418,-104.31056,31.100464,1.9718409,109.00485,22.276217,5.820143,-111.930115,228.68343,33.10281,139.27008,229.52621,12.021136,-104.70841,388.22827,84.264114,154.75923,389.61432,58.40254,-33.544376,363.46744,39.412533,65.210915,361.9714,34.484516
to pull,0.0,0.0,0.0,-6.7620926,-140.30798,6.8884254,6.071521,156.88007,2.5196671,-104.26528,31.060703,1.8677831,109.00796,22.23833,5.887234,-112.05236,224.56885,32.734394,139.49368,229.52927,11.98225,-104.97858,384.41693,82.87464,154.7999,389.59988,58.512352,-33.515343,363.45447,39.41821,65.23397,361.97903,34.489693
to pull,0.0,0.0,0.0,-6.7620926,-140.30798,6.8884254,6.1086335,156.86285,2.5122404,-104.22763,30.99672,1.8028617,108.95844,22.230743,5.937469,-110.95559,228.4574,32.536293,139.54205,229.43558,12.060857,-103.349785,387.55197,85.29159,154.8264,389.52682,58.51561,-33.4517,363.3862,39.397015,65.314125,361.9228,34.45331
to pull,0.0,0.0,0.0,-6.7620926,-140.30798,6.8884254,6.1086335,156.86285,2.5122404,-104.22763,30.99672,1.8028617,108.95844,22.230743,5.937469,-110.95559,228.4574,32.536293,139.54205,229.43558,12.060857,-103.349785,387.55197,85.29159,154.8264,389.52682,58.51561,-33.4517,363.3862,39.397015,65.314125,361.9228,34.45331
to pull,0.0,0.0,0.0,-6.7620926,-140.30798,6.8884254,6.1086335,156.86285,2.5122404,-104.22763,30.99672,1.8028617,108.95844,22.230743,5.937469,-110.95559,228.4574,32.536293,139.54205,229.43558,12.060857,-103.349785,387.55197,85.29159,154.8264,389.52682,58.51561,-33.4517,363.3862,39.397015,65.314125,361.9228,34.45331
to pull,0.0,0.0,0.0,-6.7684503,-140.26775,6.865227,6.1086335,156.86285,2.5122404,-104.22763,30.99672,1.8028617,108.95844,22.230743,5.937469,-110.95559,228.4574,32.536293,139.54205,229.43558,12.060857,-103.349785,387.55197,85.29159,154.8264,389.52682,58.51561,-33.4517,363.3862,39.397015,65.314125,361.9228,34.45331
to pull,0.0,0.0,0.0,-6.6486626,-140.20393,6.7896247,6.167218,156.8592,2.534604,-104.216515,30.952274,1.7307639,108.92391,22.247337,5.9952974,-111.6392,225.03409,32.413208,140.62817,229.00555,11.4187355,-103.47454,384.36377,84.31435,155.32475,388.31955,61.236214,-33.325195,363.3451,39.491306,65.49223,361.9221,34.482597
to pull,0.0,0.0,0.0,-6.6486626,-140.20393,6.7896247,6.252323,156.88263,2.5651455,-104.22455,30.949818,1.7213345,108.930534,22.219675,6.0571313,-111.6392,225.03409,32.413208,140.62817,229.00555,11.4187355,-103.47454,384.36377,84.31435,155.32475,388.31955,61.236214,-33.325195,363.3451,39.491306,65.49223,361.9221,34.482597
to pull,0.0,0.0,0.0,-6.6410117,-140.16278,6.759751,6.2781343,156.89038,2.579081,-104.19488,31.002874,1.6530752,108.930534,22.219675,6.0571313,-111.42511,229.38814,34.36519,141.77003,227.19884,11.124336,-103.51153,388.8096,85.86445,156.57158,384.0108,69.583954,-33.072323,363.46414,39.631165,65.745926,361.92117,34.551357
to pull,0.0,0.0,0.0,-6.6410117,-140.16278,6.759751,6.2781343,156.89038,2.579081,-104.19488,31.002874,1.6530752,108.961296,22.264372,6.0926795,-114.47667,223.63539,34.584988,145.39911,223.09377,9.035837,-104.58949,382.50208,87.877014,155.90636,376.83105,77.238,-32.997364,363.49994,39.69258,65.85731,361.91837,34.57881
to pull,0.0,0.0,0.0,-6.6410117,-140.16278,6.759751,6.2781343,156.89038,2.579081,-104.19488,31.002874,1.6530752,108.961296,22.264372,6.0926795,-114.47667,223.63539,34.584988,145.39911,223.09377,9.035837,-104.58949,382.50208,87.877014,155.90636,376.83105,77.238,-32.997364,363.49994,39.69258,65.85731,361.91837,34.57881
to pull,0.0,0.0,0.0,-6.619957,-140.10228,6.6853166,6.2781343,156.89038,2.579081,-104.19488,31.002874,1.6530752,108.961296,22.264372,6.0926795,-114.47667,223.63539,34.584988,145.39911,223.09377,9.035837,-104.58949,382.50208,87.877014,155.90636,376.83105,77.238,-32.997364,363.49994,39.69258,65.85731,361.91837,34.57881
to pull,0.0,0.0,0.0,-6.619957,-140.10228,6.6853166,6.315675,156.8921,2.6118755,-104.1845,31.060833,1.5737176,110.25113,23.432821,1.5024543,-115.16907,223.27873,35.561226,146.748,211.02353,11.665654,-103.5965,377.61896,102.23398,139.77669,353.6785,103.35659,-32.800793,363.59473,39.89427,66.07379,361.79413,34.71942
to pull,0.0,0.0,0.0,-6.6586814,-140.00401,6.585264,6.437757,156.87018,2.6918173,-104.22536,31.040361,1.5708804,111.0485,23.261599,-0.630939,-115.69352,223.4279,38.64975,148.16475,206.21944,12.885391,-101.417114,375.83932,109.66373,146.1522,336.34305,123.107956,-32.42612,363.60007,40.211033,66.46567,361.52325,34.96684
to pull,0.0,0.0,0.0,-6.6586814,-140.00401,6.585264,6.437757,156.87018,2.6918173,-104.22536,31.040361,1.5708804,111.0485,23.261599,-0.630939,-115.69352,223.4279,38.64975,148.16475,206.21944,12.885391,-101.417114,375.83932,109.66373,146.1522,336.34305,123.107956,-32.42612,363.60007,40.211033,66.46567,361.52325,34.96684
to pull,0.0,0.0,0.0,-6.6586814,-140.00401,6.585264,6.437757,156.87018,2.6918173,-104.22536,31.040361,1.5708804,111.0485,23.261599,-0.630939,-115.69352,223.4279,38.64975,148.16475,206.21944,12.885391,-101.417114,375.83932,109.66373,146.1522,336.34305,123.107956,-32.42612,363.60007,40.211033,66.46567,361.52325,34.96684
to pull,0.0,0.0,0.0,-6.6974998,-140.00049,6.58952,6.437757,156.87018,2.6918173,-104.22536,31.040361,1.5708804,111.0485,23.261599,-0.630939,-115.69352,223.4279,38.64975,148.16475,206.21944,12.885391,-101.417114,375.83932,109.66373,146.1522,336.34305,123.107956,-32.42612,363.60007,40.211033,66.46567,361.52325,34.96684
to pull,0.0,0.0,0.0,-6.6974998,-140.00049,6.58952,6.5415487,156.79262,2.7647495,-104.25445,30.982597,1.5717983,111.0323,23.22191,0.14736652,-115.69352,223.4279,38.64975,148.16475,206.21944,12.885391,-101.417114,375.83932,109.66373,146.1522,336.34305,123.107956,-32.42612,363.60007,40.211033,66.46567,361.52325,34.96684
to pull,0.0,0.0,0.0,-6.6974998,-140.00049,6.58952,6.5415487,156.79262,2.7647495,-104.25445,30.982597,1.5717983,111.0323,23.22191,0.14736652,-116.2807,220.21405,43.6139,149.70506,197.30243,18.062914,-95.1794,362.804,133.11836,136.56152,309.5685,146.87068,-32.42612,363.60007,40.211033,66.46567,361.52325,34.96684
to pull,0.0,0.0,0.0,-6.763767,-139.78809,6.484711,6.7335434,156.63107,2.9019356,-104.25445,30.982597,1.5717983,111.0323,23.22191,0.14736652,-116.2807,220.21405,43.6139,149.70506,197.30243,18.062914,-95.1794,362.804,133.11836,136.56152,309.5685,146.87068,-32.101376,363.28555,40.57486,66.76549,361.19086,35.14967
to pull,0.0,0.0,0.0,-6.8990283,-139.7518,6.3130617,6.9008327,156.51183,2.975285,-104.26946,31.156223,1.6557455,111.87865,23.445139,-1.038909,-117.01987,211.58704,49.07731,152.64578,185.30743,22.734833,-74.363,347.29428,142.23306,131.1761,278.37595,165.7436,-31.037416,362.4034,41.539085,67.683716,360.40186,35.437225
to pull,0.0,0.0,0.0,-6.8990283,-139.7518,6.3130617,6.9008327,156.51183,2.975285,-104.26946,31.156223,1.6557455,111.87865,23.445139,-1.038909,-117.01987,211.58704,49.07731,152.64578,185.30743,22.734833,-74.363,347.29428,142.23306,131.1761,278.37595,165.7436,-31.037416,362.4034,41.539085,67.683716,360.40186,35.437225
to pull,0.0,0.0,0.0,-6.8990283,-139.7518,6.3130617,6.9008327,156.51183,2.975285,-104.26946,31.156223,1.6557455,111.87865,23.445139,-1.038909,-117.01987,211.58704,49.07731,152.64578,185.30743,22.734833,-74.363,347.29428,142.23306,131.1761,278.37595,165.7436,-31.037416,362.4034,41.539085,67.683716,360.40186,35.437225
to pull,0.0,0.0,0.0,-7.116109,-139.7444,6.162524,6.9008327,156.51183,2.975285,-104.26946,31.156223,1.6557455,111.87865,23.445139,-1.038909,-117.01987,211.58704,49.07731,152.64578,185.30743,22.734833,-74.363,347.29428,142.23306,131.1761,278.37595,165.7436,-31.037416,362.4034,41.539085,67.683716,360.40186,35.437225
to pull,0.0,0.0,0.0,-7.116109,-139.7444,6.162524,6.9468117,156.42894,3.0710816,-104.5332,31.055159,3.0172586,111.87865,23.445139,-1.038909,-117.01987,211.58704,49.07731,152.64578,185.30743,22.734833,-74.363,347.29428,142.23306,131.1761,278.37595,165.7436,-31.037416,362.4034,41.539085,67.683716,360.40186,35.437225
to pull,0.0,0.0,0.0,-7.116109,-139.7444,6.162524,6.9468117,156.42894,3.0710816,-104.5332,31.055159,3.0172586,111.75254,23.659628,0.10764599,-119.902504,195.5053,53.761246,163.27516,181.97508,28.807318,-63.847042,309.44528,168.4729,111.938225,220.48926,189.17389,-30.863623,362.18182,41.831566,67.71793,360.15845,35.421036
to pull,0.0,0.0,0.0,-7.5142426,-139.75406,5.6783676,7.1941996,156.27,3.172636,-104.4882,31.051977,3.2625914,111.51719,23.839827,1.7498732,-120.004456,191.96663,57.787956,169.06148,179.77281,31.041431,-61.11115,305.39084,170.72787,107.15171,208.00856,189.84288,-30.467257,361.92847,42.025078,67.916916,359.74493,35.256065
to pull,0.0,0.0,0.0,-7.7788153,-139.73955,5.332315,7.1941996,156.27,3.172636,-104.4882,31.051977,3.2625914,111.51719,23.839827,1.7498732,-120.004456,191.96663,57.787956,183.26166,169.71935,53.20724,-51.276894,292.2017,178.77637,119.1665,188.2965,162.94966,-30.127014,361.8571,42.23027,68.1183,359.57336,35.179794
to pull,0.0,0.0,0.0,-7.7788153,-139.73955,5.332315,7.3093867,156.19443,3.2137752,-104.40411,31.044153,3.429401,111.83515,24.848417,0.054073334,-119.51508,190.95377,61.678814,183.05524,167.58458,62.252926,-42.813015,284.12134,183.68394,111.202065,176.8115,172.2935,-29.762806,361.64163,42.310883,68.24585,359.36975,35.09326
to pull,0.0,0.0,0.0,-8.223418,-139.57898,5.137801,7.3093867,156.19443,3.2137752,-104.40411,31.044153,3.429401,111.83515,24.848417,0.054073334,-119.51508,190.95377,61.678814,183.05524,167.58458,62.252926,-42.813015,284.12134,183.68394,111.202065,176.8115,172.2935,-29.762806,361.64163,42.310883,68.24585,359.36975,35.09326
to pull,0.0,0.0,0.0,-8.223418,-139.57898,5.137801,7.3259563,156.08556,3.2214522,-104.338776,31.01804,3.6533713,112.24252,25.142912,-0.75610876,-119.17602,189.68182,66.0303,186.04555,164.34758,67.16809,-27.819056,268.5546,188.2488,108.05031,165.12386,171.33502,-29.702486,361.39804,42.35294,68.05517,359.05978,34.91318
to pull,0.0,0.0,0.0,-8.223418,-139.57898,5.137801,7.3259563,156.08556,3.2214522,-104.338776,31.01804,3.6533713,112.24252,25.142912,-0.75610876,-119.17602,189.68182,66.0303,186.04555,164.34758,67.16809,-27.819056,268.5546,188.2488,108.05031,165.12386,171.33502,-29.702486,361.39804,42.35294,68.05517,359.05978,34.91318
to pull,0.0,0.0,0.0,-8.482764,-139.72533,4.8827887,7.3259563,156.08556,3.2214522,-104.338776,31.01804,3.6533713,112.24252,25.142912,-0.75610876,-119.17602,189.68182,66.0303,186.04555,164.34758,67.16809,-27.819056,268.5546,188.2488,108.05031,165.12386,171.33502,-29.702486,361.39804,42.35294,68.05517,359.05978,34.91318
to pull,0.0,0.0,0.0,-8.482764,-139.72533,4.8827887,7.20838,155.96162,3.1743884,-104.19381,30.941046,3.804493,112.394325,25.260983,-1.2847424,-118.05886,188.36563,70.138535,189.75609,162.0233,67.81163,-18.186117,259.8757,190.23859,108.25407,160.54074,166.79805,-30.135386,360.87445,42.290604,67.35572,358.78778,34.55937
to pull,0.0,0.0,0.0,-8.681284,-139.64264,4.771054,7.20838,155.96162,3.1743884,-104.19381,30.941046,3.804493,112.394325,25.260983,-1.2847424,-118.05886,188.36563,70.138535,189.75609,162.0233,67.81163,-18.186117,259.8757,190.23859,108.25407,160.54074,166.79805,-30.135386,360.87445,42.290604,67.35572,358.78778,34.55937
to pull,0.0,0.0,0.0,-8.681284,-139.64264,4.771054,7.197678,155.75403,3.2099366,-103.94207,30.907766,4.041147,112.03831,25.105814,1.4289379,-117.4433,187.62613,72.43716,187.41678,160.58861,75.883995,-10.390644,250.80382,191.07146,64.80169,154.2405,196.67372,-30.209736,359.99756,42.434216,67.16501,358.3904,34.524906
to pull,0.0,0.0,0.0,-8.877994,-139.67717,4.65039,7.197678,155.75403,3.2099366,-103.94207,30.907766,4.041147,112.03831,25.105814,1.4289379,-117.4433,187.62613,72.43716,187.41678,160.58861,75.883995,-10.390644,250.80382,191.07146,64.80169,154.2405,196.67372,-30.209736,359.99756,42.434216,67.16501,358.3904,34.524906
to pull,0.0,0.0,0.0,-9.355907,-139.52272,4.6485543,7.2340035,155.63388,3.1978369,-103.96601,31.039047,5.8130503,111.85643,24.974636,2.9254675,-117.01929,188.0655,73.48207,187.93651,160.6538,76.12858,-0.23089647,240.33478,188.15784,61.831432,154.16516,193.13393,-30.063646,359.6596,42.4091,67.13785,358.14053,34.355343
to pull,0.0,0.0,0.0,-9.355907,-139.52272,4.6485543,7.0257,155.55896,3.1916618,-104.15348,31.176146,5.853522,111.46867,25.156853,3.8930297,-117.00249,187.94931,74.269806,187.8542,160.93954,76.50183,1.800473,239.19781,187.27531,57.626736,155.99149,188.79245,-30.609142,359.10248,42.371296,66.48957,358.1237,34.219406
to pull,0.0,0.0,0.0,-9.355907,-139.52272,4.6485543,7.0257,155.55896,3.1916618,-104.15348,31.176146,5.853522,111.46867,25.156853,3.8930297,-117.00249,187.94931,74.269806,187.8542,160.93954,76.50183,1.800473,239.19781,187.27531,57.626736,155.99149,188.79245,-30.609142,359.10248,42.371296,66.48957,358.1237,34.219406
to pull,0.0,0.0,0.0,-9.501923,-139.40959,4.742098,7.0257,155.55896,3.1916618,-104.15348,31.176146,5.853522,111.46867,25.156853,3.8930297,-117.00249,187.94931,74.269806,187.8542,160.93954,76.50183,1.800473,239.19781,187.27531,57.626736,155.99149,188.79245,-30.609142,359.10248,42.371296,66.48957,358.1237,34.219406
to pull,0.0,0.0,0.0,-9.501923,-139.40959,4.742098,6.97195,155.56541,3.2087684,-104.08662,31.157896,7.831371,111.97526,26.149412,2.7566552,-116.83547,188.54362,74.591156,181.37527,162.92668,81.10449,12.459913,235.19757,177.23436,44.32296,166.6095,184.52725,-30.65715,359.13412,42.484367,66.207146,358.2774,34.145058
to pull,0.0,0.0,0.0,-9.501923,-139.40959,4.742098,6.97195,155.56541,3.2087684,-104.08662,31.157896,7.831371,111.97526,26.149412,2.7566552,-116.83547,188.54362,74.591156,181.37527,162.92668,81.10449,12.459913,235.19757,177.23436,44.32296,166.6095,184.52725,-30.65715,359.13412,42.484367,66.207146,358.2774,34.145058
to pull,0.0,0.0,0.0,-9.632511,-139.36421,4.760289,6.960158,155.52577,3.1949162,-103.95275,30.980505,7.547319,111.74599,26.014332,4.0427327,-116.35269,188.20859,74.838,187.99767,168.53473,59.060097,13.842132,234.10222,176.65558,60.95705,168.27274,175.11499,-30.648148,358.9836,42.449318,66.11161,358.27957,34.10033
to pull,0.0,0.0,0.0,-9.880254,-139.33072,4.7638774,6.960158,155.52577,3.1949162,-103.95275,30.980505,7.547319,111.74599,26.014332,4.0427327,-116.35269,188.20859,74.838,187.99767,168.53473,59.060097,13.842132,234.10222,176.65558,60.95705,168.27274,175.11499,-30.648148,358.9836,42.449318,66.11161,358.27957,34.10033
to pull,0.0,0.0,0.0,-9.880254,-139.33072,4.7638774,6.858844,155.51396,3.188157,-104.12901,31.15347,8.358669,111.63471,25.833504,4.7915816,-116.31987,188.61716,75.0381,188.00565,168.56511,58.912563,15.654011,232.58327,175.35974,59.609356,170.62065,173.36987,-30.995619,358.9398,42.391407,65.57356,358.38077,34.188114
to pull,0.0,0.0,0.0,-9.880254,-139.33072,4.7638774,6.858844,155.51396,3.188157,-104.12901,31.15347,8.358669,111.63471,25.833504,4.7915816,-116.31987,188.61716,75.0381,188.00565,168.56511,58.912563,15.654011,232.58327,175.35974,59.609356,170.62065,173.36987,-30.995619,358.9398,42.391407,65.57356,358.38077,34.188114
to pull,0.0,0.0,0.0,-9.880254,-139.33072,4.7638774,6.858844,155.51396,3.188157,-104.12901,31.15347,8.358669,111.63471,25.833504,4.7915816,-116.31987,188.61716,75.0381,188.00565,168.56511,58.912563,15.654011,232.58327,175.35974,59.609356,170.62065,173.36987,-30.995619,358.9398,42.391407,65.57356,358.38077,34.188114
to pull,0.0,0.0,0.0,-10.011337,-139.30135,4.905069,6.819264,155.46194,3.1914115,-104.06885,31.092318,8.064604,111.50418,25.650349,5.7052374,-116.26161,188.44182,75.06413,188.4591,168.17809,59.470154,16.91903,229.13696,175.20595,57.307396,167.5067,170.67346,-31.185047,358.62103,42.420364,65.342155,358.26917,34.191704
to pull,0.0,0.0,0.0,-10.106711,-139.3412,4.9851775,6.819264,155.46194,3.1914115,-104.06885,31.092318,8.064604,111.50418,25.650349,5.7052374,-116.26161,188.44182,75.06413,188.4591,168.17809,59.470154,16.91903,229.13696,175.20595,57.307396,167.5067,170.67346,-31.185047,358.62103,42.420364,65.342155,358.26917,34.191704
to pull,0.0,0.0,0.0,-10.221732,-139.3101,5.0943255,6.578375,155.27087,3.179729,-103.88606,30.877651,7.7525973,111.951096,26.131424,4.648888,-116.51157,187.9942,75.30045,193.05138,163.0097,68.129814,14.042284,235.82838,175.6639,124.21681,151.19484,128.82971,-32.208557,357.44852,42.538357,64.30574,357.9979,34.140717
to pull,0.0,0.0,0.0,-10.221732,-139.3101,5.0943255,6.578375,155.27087,3.179729,-103.88606,30.877651,7.7525973,111.951096,26.131424,4.648888,-116.51157,187.9942,75.30045,193.05138,163.0097,68.129814,14.042284,235.82838,175.6639,124.21681,151.19484,128.82971,-32.208557,357.44852,42.538357,64.30574,357.9979,34.140717
to pull,0.0,0.0,0.0,-10.221732,-139.3101,5.0943255,6.578375,155.27087,3.179729,-103.88606,30.877651,7.7525973,111.951096,26.131424,4.648888,-116.51157,187.9942,75.30045,193.05138,163.0097,68.129814,14.042284,235.82838,175.6639,124.21681,151.19484,128.82971,-32.208557,357.44852,42.538357,64.30574,357.9979,34.140717
to pull,0.0,0.0,0.0,-10.207426,-139.39398,5.1965475,6.578375,155.27087,3.179729,-103.88606,30.877651,7.7525973,111.951096,26.131424,4.648888,-116.51157,187.9942,75.30045,193.05138,163.0097,68.129814,14.042284,235.82838,175.6639,124.21681,151.19484,128.82971,-32.208557,357.44852,42.538357,64.30574,357.9979,34.140717
to pull,0.0,0.0,0.0,-10.263622,-139.40874,5.1947117,6.547108,155.2061,3.1980038,-103.783325,30.763659,7.6406956,112.24677,26.415657,5.0141335,-116.43876,187.81125,75.3738,195.77477,154.06047,85.2119,13.5330515,242.38173,172.77606,92.62013,122.51088,159.24838,-32.23676,357.22888,42.60895,64.249214,357.9058,34.177853
to pull,0.0,0.0,0.0,-10.263622,-139.40874,5.1947117,6.547108,155.2061,3.1980038,-103.783325,30.763659,7.6406956,112.24677,26.415657,5.0141335,-116.43876,187.81125,75.3738,195.77477,154.06047,85.2119,13.5330515,242.38173,172.77606,92.62013,122.51088,159.24838,-32.23676,357.22888,42.60895,64.249214,357.9058,34.177853
to pull,0.0,0.0,0.0,-10.703448,-139.5494,4.9941063,6.4923882,155.15892,3.2010913,-103.68806,30.66825,7.5333,112.39427,26.338053,5.2557945,-116.2846,187.62076,75.544205,197.97119,147.0677,94.6532,7.3058662,251.64311,175.44844,94.07284,116.23508,163.26483,-32.290005,357.17377,42.604862,64.09611,357.79755,34.218906
to pull,0.0,0.0,0.0,-10.703448,-139.5494,4.9941063,6.1996317,154.96931,3.112638,-104.01229,30.404793,7.2478294,111.304886,24.304586,8.972836,-116.102646,187.25325,75.66395,191.69185,122.26246,129.03299,10.993378,248.03523,173.0895,52.417957,64.04645,210.45192,-32.655674,356.9329,42.468178,63.703896,357.57114,34.13888
to pull,0.0,0.0,0.0,-10.703448,-139.5494,4.9941063,6.1996317,154.96931,3.112638,-104.01229,30.404793,7.2478294,111.304886,24.304586,8.972836,-116.102646,187.25325,75.66395,191.69185,122.26246,129.03299,10.993378,248.03523,173.0895,52.417957,64.04645,210.45192,-32.655674,356.9329,42.468178,63.703896,357.57114,34.13888
to pull,0.0,0.0,0.0,-10.703448,-139.5494,4.9941063,6.1996317,154.96931,3.112638,-104.01229,30.404793,7.2478294,111.304886,24.304586,8.972836,-116.102646,187.25325,75.66395,191.69185,122.26246,129.03299,10.993378,248.03523,173.0895,52.417957,64.04645,210.45192,-32.655674,356.9329,42.468178,63.703896,357.57114,34.13888
to pull,0.0,0.0,0.0,-10.703448,-139.5494,4.9941063,6.1996317,154.96931,3.112638,-104.01229,30.404793,7.2478294,111.304886,24.304586,8.972836,-116.102646,187.25325,75.66395,191.69185,122.26246,129.03299,10.993378,248.03523,173.0895,52.417957,64.04645,210.45192,-32.655674,356.9329,42.468178,63.703896,357.57114,34.13888
to pull,0.0,0.0,0.0,-10.703448,-139.5494,4.9941063,6.1996317,154.96931,3.112638,-104.01229,30.404793,7.2478294,111.304886,24.304586,8.972836,-116.102646,187.25325,75.66395,191.69185,122.26246,129.03299,10.993378,248.03523,173.0895,52.417957,64.04645,210.45192,-32.655674,356.9329,42.468178,63.703896,357.57114,34.13888
to pull,0.0,0.0,0.0,-10.703448,-139.5494,4.9941063,6.1996317,154.96931,3.112638,-104.01229,30.404793,7.2478294,111.304886,24.304586,8.972836,-116.102646,187.25325,75.66395,191.69185,122.26246,129.03299,10.993378,248.03523,173.0895,52.417957,64.04645,210.45192,-32.655674,356.9329,42.468178,63.703896,357.57114,34.13888
to pull,0.0,0.0,0.0,-10.703448,-139.5494,4.9941063,6.1996317,154.96931,3.112638,-104.01229,30.404793,7.2478294,111.304886,24.304586,8.972836,-116.102646,187.25325,75.66395,191.69185,122.26246,129.03299,10.993378,248.03523,173.0895,52.417957,64.04645,210.45192,-32.655674,356.9329,42.468178,63.703896,357.57114,34.13888
to pull,0.0,0.0,0.0,-10.703448,-139.5494,4.9941063,6.1996317,154.96931,3.112638,-104.01229,30.404793,7.2478294,111.304886,24.304586,8.972836,-116.102646,187.25325,75.66395,191.69185,122.26246,129.03299,10.993378,248.03523,173.0895,52.417957,64.04645,210.45192,-32.655674,356.9329,42.468178,63.703896,357.57114,34.13888
to pull,0.0,0.0,0.0,-10.703448,-139.5494,4.9941063,6.1996317,154.96931,3.112638,-104.01229,30.404793,7.2478294,111.304886,24.304586,8.972836,-116.102646,187.25325,75.66395,191.69185,122.26246,129.03299,10.993378,248.03523,173.0895,52.417957,64.04645,210.45192,-32.655674,356.9329,42.468178,63.703896,357.57114,34.13888
to pull,0.0,0.0,0.0,-10.703448,-139.5494,4.9941063,6.1996317,154.96931,3.112638,-104.01229,30.404793,7.2478294,111.304886,24.304586,8.972836,-116.102646,187.25325,75.66395,191.69185,122.26246,129.03299,10.993378,248.03523,173.0895,52.417957,64.04645,210.45192,-32.655674,356.9329,42.468178,63.703896,357.57114,34.13888
to pull,0.0,0.0,0.0,-10.703448,-139.5494,4.9941063,6.1996317,154.96931,3.112638,-104.01229,30.404793,7.2478294,111.304886,24.304586,8.972836,-116.102646,187.25325,75.66395,191.69185,122.26246,129.03299,10.993378,248.03523,173.0895,52.417957,64.04645,210.45192,-32.655674,356.9329,42.468178,63.703896,357.57114,34.13888
to pull,0.0,0.0,0.0,-10.703448,-139.5494,4.9941063,6.1996317,154.96931,3.112638,-104.01229,30.404793,7.2478294,111.304886,24.304586,8.972836,-116.102646,187.25325,75.66395,191.69185,122.26246,129.03299,10.993378,248.03523,173.0895,52.417957,64.04645,210.45192,-32.655674,356.9329,42.468178,63.703896,357.57114,34.13888
to pull,0.0,0.0,0.0,-10.703448,-139.5494,4.9941063,6.1996317,154.96931,3.112638,-104.01229,30.404793,7.2478294,111.304886,24.304586,8.972836,-116.102646,187.25325,75.66395,191.69185,122.26246,129.03299,10.993378,248.03523,173.0895,52.417957,64.04645,210.45192,-32.655674,356.9329,42.468178,63.703896,357.57114,34.13888
to pull,0.0,0.0,0.0,-10.703448,-139.5494,4.9941063,6.1996317,154.96931,3.112638,-104.01229,30.404793,7.2478294,111.304886,24.304586,8.972836,-116.102646,187.25325,75.66395,191.69185,122.26246,129.03299,10.993378,248.03523,173.0895,52.417957,64.04645,210.45192,-32.655674,356.9329,42.468178,63.703896,357.57114,34.13888
to pull,0.0,0.0,0.0,-10.703448,-139.5494,4.9941063,6.1996317,154.96931,3.112638,-104.01229,30.404793,7.2478294,111.304886,24.304586,8.972836,-116.102646,187.25325,75.66395,191.69185,122.26246,129.03299,10.993378,248.03523,173.0895,52.417957,64.04645,210.45192,-32.655674,356.9329,42.468178,63.703896,357.57114,34.13888
to pull,0.0,0.0,0.0,-10.703448,-139.5494,4.9941063,6.1996317,154.96931,3.112638,-104.01229,30.404793,7.2478294,111.304886,24.304586,8.972836,-116.102646,187.25325,75.66395,191.69185,122.26246,129.03299,10.993378,248.03523,173.0895,52.417957,64.04645,210.45192,-32.655674,356.9329,42.468178,63.703896,357.57114,34.13888
to pull,0.0,0.0,0.0,-10.703448,-139.5494,4.9941063,6.1996317,154.96931,3.112638,-104.01229,30.404793,7.2478294,111.304886,24.304586,8.972836,-116.102646,187.25325,75.66395,191.69185,122.26246,129.03299,10.993378,248.03523,173.0895,52.417957,64.04645,210.45192,-32.655674,356.9329,42.468178,63.703896,357.57114,34.13888
to pull,0.0,0.0,0.0,-10.703448,-139.5494,4.9941063,6.1996317,154.96931,3.112638,-104.01229,30.404793,7.2478294,111.304886,24.304586,8.972836,-116.102646,187.25325,75.66395,191.69185,122.26246,129.03299,10.993378,248.03523,173.0895,52.417957,64.04645,210.45192,-32.655674,356.9329,42.468178,63.703896,357.57114,34.13888
to pull,0.0,0.0,0.0,-10.703448,-139.5494,4.9941063,6.1996317,154.96931,3.112638,-104.01229,30.404793,7.2478294,111.304886,24.304586,8.972836,-116.102646,187.25325,75.66395,191.69185,122.26246,129.03299,10.993378,248.03523,173.0895,52.417957,64.04645,210.45192,-32.655674,356.9329,42.468178,63.703896,357.57114,34.13888
to pull,0.0,0.0,0.0,-10.703448,-139.5494,4.9941063,6.1996317,154.96931,3.112638,-104.01229,30.404793,7.2478294,111.304886,24.304586,8.972836,-116.102646,187.25325,75.66395,191.69185,122.26246,129.03299,10.993378,248.03523,173.0895,52.417957,64.04645,210.45192,-32.655674,356.9329,42.468178,63.703896,357.57114,34.13888
to pull,0.0,0.0,0.0,-10.703448,-139.5494,4.9941063,6.1996317,154.96931,3.112638,-104.01229,30.404793,7.2478294,111.304886,24.304586,8.972836,-116.102646,187.25325,75.66395,191.69185,122.26246,129.03299,10.993378,248.03523,173.0895,52.417957,64.04645,210.45192,-32.655674,356.9329,42.468178,63.703896,357.57114,34.13888
to pull,0.0,0.0,0.0,-10.703448,-139.5494,4.9941063,6.1996317,154.96931,3.112638,-104.01229,30.404793,7.2478294,111.304886,24.304586,8.972836,-116.102646,187.25325,75.66395,191.69185,122.26246,129.03299,10.993378,248.03523,173.0895,52.417957,64.04645,210.45192,-32.655674,356.9329,42.468178,63.703896,357.57114,34.13888
to pull,0.0,0.0,0.0,-10.703448,-139.5494,4.9941063,6.1996317,154.96931,3.112638,-104.01229,30.404793,7.2478294,111.304886,24.304586,8.972836,-116.102646,187.25325,75.66395,191.69185,122.26246,129.03299,10.993378,248.03523,173.0895,52.417957,64.04645,210.45192,-32.655674,356.9329,42.468178,63.703896,357.57114,34.13888
to pull,0.0,0.0,0.0,-10.703448,-139.5494,4.9941063,6.1996317,154.96931,3.112638,-104.01229,30.404793,7.2478294,111.304886,24.304586,8.972836,-116.102646,187.25325,75.66395,191.69185,122.26246,129.03299,10.993378,248.03523,173.0895,52.417957,64.04645,210.45192,-32.655674,356.9329,42.468178,63.703896,357.57114,34.13888
to pull,0.0,0.0,0.0,-10.703448,-139.5494,4.9941063,6.1996317,154.96931,3.112638,-104.01229,30.404793,7.2478294,111.304886,24.304586,8.972836,-116.102646,187.25325,75.66395,191.69185,122.26246,129.03299,10.993378,248.03523,173.0895,52.417957,64.04645,210.45192,-32.655674,356.9329,42.468178,63.703896,357.57114,34.13888
to pull,0.0,0.0,0.0,-10.703448,-139.5494,4.9941063,6.1996317,154.96931,3.112638,-104.01229,30.404793,7.2478294,111.304886,24.304586,8.972836,-116.102646,187.25325,75.66395,191.69185,122.26246,129.03299,10.993378,248.03523,173.0895,52.417957,64.04645,210.45192,-32.655674,356.9329,42.468178,63.703896,357.57114,34.13888
to pull,0.0,0.0,0.0,-10.703448,-139.5494,4.9941063,6.1996317,154.96931,3.112638,-104.01229,30.404793,7.2478294,111.304886,24.304586,8.972836,-116.102646,187.25325,75.66395,191.69185,122.26246,129.03299,10.993378,248.03523,173.0895,52.417957,64.04645,210.45192,-32.655674,356.9329,42.468178,63.703896,357.57114,34.13888
to pull,0.0,0.0,0.0,-10.703448,-139.5494,4.9941063,6.1996317,154.96931,3.112638,-104.01229,30.404793,7.2478294,111.304886,24.304586,8.972836,-116.102646,187.25325,75.66395,191.69185,122.26246,129.03299,10.993378,248.03523,173.0895,52.417957,64.04645,210.45192,-32.655674,356.9329,42.468178,63.703896,357.57114,34.13888
to pull,0.0,0.0,0.0,-10.703448,-139.5494,4.9941063,6.1996317,154.96931,3.112638,-104.01229,30.404793,7.2478294,111.304886,24.304586,8.972836,-116.102646,187.25325,75.66395,191.69185,122.26246,129.03299,10.993378,248.03523,173.0895,52.417957,64.04645,210.45192,-32.655674,356.9329,42.468178,63.703896,357.57114,34.13888
to pull,0.0,0.0,0.0,-10.703448,-139.5494,4.9941063,6.1996317,154.96931,3.112638,-104.01229,30.404793,7.2478294,111.304886,24.304586,8.972836,-116.102646,187.25325,75.66395,191.69185,122.26246,129.03299,10.993378,248.03523,173.0895,52.417957,64.04645,210.45192,-32.655674,356.9329,42.468178,63.703896,357.57114,34.13888
to pull,0.0,0.0,0.0,-10.703448,-139.5494,4.9941063,6.1996317,154.96931,3.112638,-104.01229,30.404793,7.2478294,111.304886,24.304586,8.972836,-116.102646,187.25325,75.66395,191.69185,122.26246,129.03299,10.993378,248.03523,173.0895,52.417957,64.04645,210.45192,-32.655674,356.9329,42.468178,63.703896,357.57114,34.13888
to pull,0.0,0.0,0.0,-10.703448,-139.5494,4.9941063,6.1996317,154.96931,3.112638,-104.01229,30.404793,7.2478294,111.304886,24.304586,8.972836,-116.102646,187.25325,75.66395,191.69185,122.26246,129.03299,10.993378,248.